1 0.43509615384615385 0.6478365384615384 0.18269230769230768 0.19110576923076922
1 0.3954326923076923 0.09735576923076923 0.18269230769230768 0.18990384615384615
1 0.6911057692307693 0.32572115384615385 0.18269230769230768 0.22716346153846154
1 0.890625 0.3641826923076923 0.21394230769230768 0.25721153846153844
1 0.421875 0.296875 0.19951923076923078 0.21033653846153846
1 0.12139423076923077 0.2620192307692308 0.19230769230769232 0.20673076923076922
1 0.6274038461538461 0.5564903846153846 0.1778846153846154 0.23798076923076922
1 0.21634615384615385 0.46875 0.20192307692307693 0.25841346153846156
1 0.7824519230769231 0.7836538461538461 0.20432692307692307 0.24639423076923078
1 0.1935096153846154 0.9026442307692307 0.18269230769230768 0.18990384615384615
0 0.24158653846153846 0.7223557692307693 0.09615384615384616 0.09014423076923077
0 0.36538461538461536 0.5588942307692307 0.07692307692307693 0.09014423076923077
0 0.5420673076923077 0.6730769230769231 0.07932692307692307 0.09615384615384616
2 0.5456730769230769 0.8665865384615384 0.28365384615384615 0.2620192307692308