1 0.23557692307692307 0.48197115384615385 0.18990384615384615 0.18990384615384615
1 0.34134615384615385 0.5216346153846154 0.18990384615384615 0.18990384615384615
1 0.8834134615384616 0.2800480769230769 0.18990384615384615 0.20673076923076922
1 0.8882211538461539 0.609375 0.18990384615384615 0.20673076923076922
1 0.875 0.10576923076923077 0.22115384615384615 0.20192307692307693
1 0.5408653846153846 0.6947115384615384 0.22115384615384615 0.20192307692307693
1 0.9723557692307693 0.16706730769230768 0.05048076923076923 0.2668269230769231
2 0.3762019230769231 0.21514423076923078 0.47115384615384615 0.4254807692307692
0 0.5240384615384616 0.5805288461538461 0.07692307692307693 0.06490384615384616
0 0.5540865384615384 0.5144230769230769 0.0673076923076923 0.0829326923076923
0 0.6009615384615384 0.5216346153846154 0.06971153846153846 0.0733173076923077
0 0.4855769230769231 0.35216346153846156 0.07692307692307693 0.07091346153846154