1 0.36658653846153844 0.5168269230769231 0.20432692307692307 0.28725961538461536
1 0.7367788461538461 0.8221153846153846 0.15144230769230768 0.2439903846153846
1 0.9074519230769231 0.8677884615384616 0.15144230769230768 0.2439903846153846
1 0.6262019230769231 0.1814903846153846 0.14903846153846154 0.19951923076923078
1 0.6213942307692307 0.38461538461538464 0.1658653846153846 0.25240384615384615
1 0.5661057692307693 0.6117788461538461 0.1658653846153846 0.25240384615384615
1 0.9146634615384616 0.4362980769230769 0.16706730769230768 0.2439903846153846
1 0.8185096153846154 0.26322115384615385 0.21514423076923078 0.23918269230769232
1 0.109375 0.5252403846153846 0.20673076923076922 0.2668269230769231
1 0.2512019230769231 0.2848557692307692 0.18389423076923078 0.24759615384615385
2 0.359375 0.8112980769230769 0.3317307692307692 0.37259615384615385
0 0.9495192307692307 0.3137019230769231 0.057692307692307696 0.06850961538461539