1 0.3485576923076923 0.6694711538461539 0.1658653846153846 0.23918269230769232
1 0.31850961538461536 0.13701923076923078 0.19230769230769232 0.20432692307692307
1 0.2403846153846154 0.5204326923076923 0.19951923076923078 0.24158653846153846
1 0.20432692307692307 0.31009615384615385 0.19471153846153846 0.17067307692307693
1 0.8605769230769231 0.09495192307692307 0.16346153846153846 0.18509615384615385
1 0.921875 0.41466346153846156 0.15144230769230768 0.20432692307692307
1 0.9134615384615384 0.6346153846153846 0.16105769230769232 0.20192307692307693
1 0.4579326923076923 0.8401442307692307 0.20673076923076922 0.23317307692307693
1 0.6177884615384616 0.65625 0.1778846153846154 0.22956730769230768
1 0.7680288461538461 0.7019230769230769 0.1778846153846154 0.22956730769230768
1 0.7199519230769231 0.8161057692307693 0.1778846153846154 0.22956730769230768
1 0.06129807692307692 0.5324519230769231 0.12259615384615384 0.21394230769230768
1 0.7740384615384616 0.4579326923076923 0.15865384615384615 0.19951923076923078
2 0.5540865384615384 0.4074519230769231 0.3701923076923077 0.46033653846153844