1 0.3449519230769231 0.5252403846153846 0.22115384615384615 0.24158653846153846
1 0.22235576923076922 0.8846153846153846 0.2091346153846154 0.22716346153846154
1 0.5204326923076923 0.53125 0.24759615384615385 0.28725961538461536
1 0.17067307692307693 0.5084134615384616 0.20673076923076922 0.19951923076923078
1 0.16346153846153846 0.7199519230769231 0.18509615384615385 0.20192307692307693
1 0.5925480769230769 0.8533653846153846 0.20192307692307693 0.1935096153846154
1 0.8725961538461539 0.35336538461538464 0.23317307692307693 0.1814903846153846
1 0.6850961538461539 0.43149038461538464 0.18028846153846154 0.1622596153846154
1 0.7175480769230769 0.2932692307692308 0.18028846153846154 0.23557692307692307
1 0.06971153846153846 0.4423076923076923 0.13221153846153846 0.28966346153846156
1 0.7259615384615384 0.6346153846153846 0.23317307692307693 0.2608173076923077
2 0.53125 0.23197115384615385 0.4326923076923077 0.4266826923076923