1 0.10817307692307693 0.5192307692307693 0.17067307692307693 0.2247596153846154
1 0.234375 0.7415865384615384 0.21394230769230768 0.23317307692307693
1 0.8798076923076923 0.33413461538461536 0.18269230769230768 0.21875
1 0.6478365384615384 0.34375 0.16105769230769232 0.25
1 0.36778846153846156 0.5408653846153846 0.20673076923076922 0.22716346153846154
1 0.6899038461538461 0.7704326923076923 0.16105769230769232 0.25
1 0.5324519230769231 0.7848557692307693 0.1658653846153846 0.2704326923076923
1 0.7536057692307693 0.09615384615384616 0.17548076923076922 0.1875
1 0.4110576923076923 0.9266826923076923 0.14903846153846154 0.14182692307692307
1 0.6057692307692307 0.0889423076923077 0.1658653846153846 0.17307692307692307
1 0.08533653846153846 0.06850961538461539 0.17067307692307693 0.13701923076923078
1 0.9519230769230769 0.5877403846153846 0.09134615384615384 0.2091346153846154
1 0.09254807692307693 0.8978365384615384 0.13942307692307693 0.19951923076923078