1 0.17307692307692307 0.22235576923076922 0.21634615384615385 0.24639423076923078
1 0.49038461538461536 0.7463942307692307 0.17548076923076922 0.21514423076923078
1 0.2932692307692308 0.8641826923076923 0.22596153846153846 0.19591346153846154
1 0.6237980769230769 0.7896634615384616 0.1971153846153846 0.19951923076923078
1 0.7115384615384616 0.10216346153846154 0.1971153846153846 0.19951923076923078
1 0.6971153846153846 0.4543269230769231 0.1971153846153846 0.19951923076923078
1 0.671875 0.5540865384615384 0.1971153846153846 0.19951923076923078
1 0.8317307692307693 0.7283653846153846 0.20192307692307693 0.2692307692307692
1 0.18269230769230768 0.8317307692307693 0.17307692307692307 0.22115384615384615
1 0.41346153846153844 0.17548076923076922 0.17307692307692307 0.22115384615384615
1 0.8149038461538461 0.24639423076923078 0.21153846153846154 0.21634615384615385
0 0.6033653846153846 0.3161057692307692 0.0673076923076923 0.06490384615384616
0 0.5588942307692307 0.1935096153846154 0.0673076923076923 0.07932692307692307
0 0.09375 0.7680288461538461 0.07692307692307693 0.08533653846153846
2 0.2704326923076923 0.49399038461538464 0.4182692307692308 0.4831730769230769