1 0.5612980769230769 0.5913461538461539 0.1875 0.19110576923076922
1 0.6670673076923077 0.41947115384615385 0.19471153846153846 0.23076923076923078
1 0.6706730769230769 0.41586538461538464 0.19471153846153846 0.23076923076923078
1 0.8052884615384616 0.5180288461538461 0.18269230769230768 0.21514423076923078
1 0.8870192307692307 0.08653846153846154 0.16105769230769232 0.16826923076923078
1 0.1622596153846154 0.15504807692307693 0.17307692307692307 0.1935096153846154
1 0.14182692307692307 0.3894230769230769 0.17067307692307693 0.20793269230769232
1 0.90625 0.7295673076923077 0.13942307692307693 0.1875
1 0.8521634615384616 0.3125 0.13942307692307693 0.1875
1 0.8846153846153846 0.49158653846153844 0.13942307692307693 0.1875
1 0.42788461538461536 0.6550480769230769 0.11057692307692307 0.21875
1 0.33413461538461536 0.21394230769230768 0.15384615384615385 0.1814903846153846
1 0.265625 0.38100961538461536 0.16826923076923078 0.17908653846153846
1 0.41225961538461536 0.9278846153846154 0.16826923076923078 0.13942307692307693
1 0.7115384615384616 0.6225961538461539 0.14903846153846154 0.20432692307692307
2 0.2403846153846154 0.6862980769230769 0.31971153846153844 0.4230769230769231
0 0.5120192307692307 0.8377403846153846 0.0673076923076923 0.07932692307692307