1 0.640625 0.7319711538461539 0.17307692307692307 0.17668269230769232
1 0.6286057692307693 0.9170673076923077 0.18028846153846154 0.1622596153846154
1 0.3317307692307692 0.4807692307692308 0.20432692307692307 0.22716346153846154
1 0.1346153846153846 0.6622596153846154 0.17067307692307693 0.18389423076923078
1 0.35096153846153844 0.078125 0.15625 0.15264423076923078
1 0.2247596153846154 0.21754807692307693 0.21153846153846154 0.20673076923076922
1 0.8221153846153846 0.33774038461538464 0.18028846153846154 0.18389423076923078
1 0.5204326923076923 0.38221153846153844 0.18990384615384615 0.1935096153846154
1 0.21634615384615385 0.052884615384615384 0.18990384615384615 0.10216346153846154
1 0.0889423076923077 0.3786057692307692 0.14903846153846154 0.20793269230769232
1 0.020432692307692308 0.7223557692307693 0.040865384615384616 0.18028846153846154
1 0.052884615384615384 0.90625 0.10576923076923077 0.18269230769230768
1 0.5588942307692307 0.13701923076923078 0.24278846153846154 0.19951923076923078
2 0.45072115384615385 0.8449519230769231 0.25961538461538464 0.30649038461538464
0 0.49038461538461536 0.6610576923076923 0.08173076923076923 0.09014423076923077