2 0.7019230769230769 0.5324519230769231 0.32211538461538464 0.2644230769230769
1 0.7572115384615384 0.22235576923076922 0.17067307692307693 0.2704326923076923
1 0.6081730769230769 0.6850961538461539 0.18509615384615385 0.19951923076923078
1 0.4411057692307692 0.7584134615384616 0.18509615384615385 0.19951923076923078
1 0.08653846153846154 0.5216346153846154 0.17307692307692307 0.2644230769230769
1 0.057692307692307696 0.3016826923076923 0.11538461538461539 0.2668269230769231
1 0.016826923076923076 0.10697115384615384 0.03365384615384615 0.21394230769230768
1 0.5685096153846154 0.0889423076923077 0.21634615384615385 0.17307692307692307
1 0.3858173076923077 0.08173076923076923 0.2932692307692308 0.15865384615384615
1 0.41466346153846156 0.39783653846153844 0.21634615384615385 0.17548076923076922
1 0.8257211538461539 0.8882211538461539 0.3269230769230769 0.20673076923076922
0 0.31009615384615385 0.4098557692307692 0.0985576923076923 0.07451923076923077
0 0.9891826923076923 0.6286057692307693 0.016826923076923076 0.08413461538461539
1 0.24879807692307693 0.5961538461538461 0.21875 0.2668269230769231
1 0.3713942307692308 0.8209134615384616 0.18509615384615385 0.19951923076923078
1 0.30288461538461536 0.8990384615384616 0.19951923076923078 0.19831730769230768