1 0.47596153846153844 0.8173076923076923 0.22115384615384615 0.20673076923076922
1 0.29927884615384615 0.8533653846153846 0.22115384615384615 0.20673076923076922
1 0.109375 0.8665865384615384 0.21875 0.2091346153846154
1 0.08173076923076923 0.6598557692307693 0.16346153846153846 0.24278846153846154
1 0.25721153846153844 0.09735576923076923 0.23317307692307693 0.19110576923076922
1 0.4230769230769231 0.33052884615384615 0.23317307692307693 0.2439903846153846
1 0.4014423076923077 0.14423076923076922 0.22115384615384615 0.22956730769230768
1 0.8581730769230769 0.8088942307692307 0.12980769230769232 0.23918269230769232
1 0.9326923076923077 0.375 0.12980769230769232 0.21634615384615385
1 0.3112980769230769 0.49158653846153844 0.18990384615384615 0.2127403846153846
1 0.23317307692307693 0.24639423076923078 0.24519230769230768 0.20432692307692307
2 0.6213942307692307 0.4254807692307692 0.5240384615384616 0.3786057692307692