1 0.20192307692307693 0.7536057692307693 0.2091346153846154 0.20793269230769232
1 0.7103365384615384 0.47475961538461536 0.22596153846153846 0.2127403846153846
1 0.4206730769230769 0.6826923076923077 0.17548076923076922 0.19831730769230768
1 0.4014423076923077 0.546875 0.22115384615384615 0.25240384615384615
1 0.47475961538461536 0.8088942307692307 0.18509615384615385 0.21514423076923078
1 0.30528846153846156 0.37740384615384615 0.2692307692307692 0.22956730769230768
1 0.10697115384615384 0.6694711538461539 0.21394230769230768 0.25240384615384615
1 0.8076923076923077 0.59375 0.28125 0.1622596153846154
1 0.9567307692307693 0.14182692307692307 0.08173076923076923 0.1971153846153846
1 0.7307692307692307 0.9098557692307693 0.18028846153846154 0.17668269230769232
1 0.6057692307692307 0.7872596153846154 0.21153846153846154 0.23798076923076922
1 0.2644230769230769 0.9170673076923077 0.2403846153846154 0.1622596153846154
1 0.1814903846153846 0.15384615384615385 0.15384615384615385 0.24158653846153846
2 0.6622596153846154 0.21514423076923078 0.5024038461538461 0.4266826923076923