1 0.9338942307692307 0.7740384615384616 0.11778846153846154 0.22716346153846154
1 0.6033653846153846 0.9290865384615384 0.20673076923076922 0.13701923076923078
1 0.7055288461538461 0.9362980769230769 0.16826923076923078 0.12259615384615384
1 0.13701923076923078 0.8425480769230769 0.14182692307692307 0.18509615384615385
1 0.43990384615384615 0.7127403846153846 0.18028846153846154 0.1875
1 0.11298076923076923 0.1875 0.1778846153846154 0.22115384615384615
1 0.8293269230769231 0.3858173076923077 0.1346153846153846 0.1875
1 0.7295673076923077 0.6225961538461539 0.1346153846153846 0.1875
1 0.8557692307692307 0.5516826923076923 0.18509615384615385 0.23317307692307693
1 0.22355769230769232 0.6826923076923077 0.17067307692307693 0.14423076923076922
1 0.08173076923076923 0.6346153846153846 0.14182692307692307 0.18509615384615385
2 0.35096153846153844 0.34975961538461536 0.42788461538461536 0.5252403846153846