1 0.7620192307692307 0.7223557692307693 0.15865384615384615 0.28365384615384615
1 0.7788461538461539 0.35336538461538464 0.2403846153846154 0.20673076923076922
1 0.9194711538461539 0.47475961538461536 0.15625 0.2091346153846154
1 0.5024038461538461 0.7379807692307693 0.21875 0.20793269230769232
1 0.4423076923076923 0.90625 0.2091346153846154 0.18389423076923078
1 0.17427884615384615 0.5997596153846154 0.21875 0.19591346153846154
1 0.43990384615384615 0.4699519230769231 0.2403846153846154 0.19831730769230768
1 0.5733173076923077 0.21514423076923078 0.2283653846153846 0.23317307692307693
1 0.33533653846153844 0.07211538461538461 0.22115384615384615 0.13942307692307693
1 0.4230769230769231 0.19110576923076922 0.20673076923076922 0.19831730769230768
1 0.3557692307692308 0.4050480769230769 0.1971153846153846 0.2439903846153846
1 0.06009615384615385 0.6598557692307693 0.1201923076923077 0.19471153846153846
1 0.9615384615384616 0.16947115384615385 0.07211538461538461 0.22355769230769232
1 0.8990384615384616 0.09975961538461539 0.1971153846153846 0.19951923076923078
1 0.7692307692307693 0.08533653846153846 0.18509615384615385 0.16706730769230768
0 0.9399038461538461 0.6213942307692307 0.04326923076923077 0.0733173076923077
0 0.3473557692307692 0.5600961538461539 0.08653846153846154 0.0625
2 0.23557692307692307 0.8305288461538461 0.47115384615384615 0.33413461538461536