1 0.5637019230769231 0.3016826923076923 0.18509615384615385 0.1875
1 0.3870192307692308 0.25961538461538464 0.19951923076923078 0.18990384615384615
1 0.13341346153846154 0.18629807692307693 0.19951923076923078 0.21875
1 0.09615384615384616 0.5372596153846154 0.19230769230769232 0.22355769230769232
1 0.5913461538461539 0.5444711538461539 0.19951923076923078 0.21875
1 0.6310096153846154 0.7572115384615384 0.19951923076923078 0.21875
1 0.4963942307692308 0.8040865384615384 0.22115384615384615 0.25
1 0.36177884615384615 0.6057692307692307 0.1875 0.21033653846153846
1 0.2704326923076923 0.6574519230769231 0.20673076923076922 0.2439903846153846
1 0.24759615384615385 0.4254807692307692 0.20673076923076922 0.17908653846153846
1 0.25841346153846156 0.8942307692307693 0.21634615384615385 0.20793269230769232
1 0.7463942307692307 0.7115384615384616 0.16346153846153846 0.21875
1 0.9266826923076923 0.6766826923076923 0.14182692307692307 0.21875
1 0.9038461538461539 0.4807692307692308 0.18028846153846154 0.20432692307692307
1 0.26322115384615385 0.3629807692307692 0.15144230769230768 0.23557692307692307
2 0.7584134615384616 0.19831730769230768 0.40865384615384615 0.3918269230769231