2 0.4170673076923077 0.7463942307692307 0.36778846153846156 0.49158653846153844
1 0.6201923076923077 0.6177884615384616 0.12740384615384615 0.20192307692307693
1 0.6574519230769231 0.8545673076923077 0.15865384615384615 0.24158653846153846
1 0.7872596153846154 0.7524038461538461 0.17067307692307693 0.17067307692307693
1 0.9278846153846154 0.8016826923076923 0.13942307692307693 0.20432692307692307
1 0.7980769230769231 0.9206730769230769 0.17548076923076922 0.15384615384615385
1 0.6971153846153846 0.14783653846153846 0.1875 0.20793269230769232
1 0.46274038461538464 0.07451923076923077 0.18509615384615385 0.14543269230769232
1 0.09254807692307693 0.09014423076923077 0.18509615384615385 0.17548076923076922
1 0.07572115384615384 0.32211538461538464 0.15144230769230768 0.22596153846153846
1 0.20192307692307693 0.7596153846153846 0.17548076923076922 0.22235576923076922
1 0.4651442307692308 0.4699519230769231 0.17548076923076922 0.22235576923076922
1 0.21153846153846154 0.2800480769230769 0.19230769230769232 0.18990384615384615
1 0.9411057692307693 0.6033653846153846 0.11298076923076923 0.21153846153846154
0 0.46153846153846156 0.18389423076923078 0.07932692307692307 0.07692307692307693
1 0.6670673076923077 0.47475961538461536 0.1875 0.20793269230769232