1 0.5805288461538461 0.6790865384615384 0.23076923076923078 0.24639423076923078
1 0.23918269230769232 0.2608173076923077 0.23076923076923078 0.24639423076923078
1 0.09134615384615384 0.18509615384615385 0.18269230769230768 0.25
1 0.12620192307692307 0.6310096153846154 0.22355769230769232 0.20793269230769232
1 0.06370192307692307 0.4074519230769231 0.12740384615384615 0.25240384615384615
1 0.22716346153846154 0.47836538461538464 0.20673076923076922 0.20192307692307693
1 0.3401442307692308 0.7139423076923077 0.20673076923076922 0.20192307692307693
1 0.34615384615384615 0.8942307692307693 0.20673076923076922 0.20192307692307693
1 0.8425480769230769 0.8401442307692307 0.20673076923076922 0.20192307692307693
2 0.46033653846153844 0.20673076923076922 0.43509615384615385 0.4098557692307692
2 0.8040865384615384 0.47716346153846156 0.3870192307692308 0.5264423076923077