1 0.28365384615384615 0.6165865384615384 0.1778846153846154 0.20432692307692307
1 0.27163461538461536 0.7391826923076923 0.1778846153846154 0.20432692307692307
1 0.08533653846153846 0.4963942307692308 0.17067307692307693 0.2091346153846154
1 0.43509615384615385 0.09134615384615384 0.1778846153846154 0.17908653846153846
1 0.8449519230769231 0.1935096153846154 0.17548076923076922 0.23317307692307693
1 0.24879807692307693 0.10697115384615384 0.1778846153846154 0.1814903846153846
1 0.23557692307692307 0.41466346153846156 0.1778846153846154 0.2247596153846154
1 0.5300480769230769 0.4483173076923077 0.1778846153846154 0.20432692307692307
1 0.9411057692307693 0.34615384615384615 0.11298076923076923 0.21153846153846154
1 0.4170673076923077 0.8677884615384616 0.17067307692307693 0.21033653846153846
1 0.42788461538461536 0.296875 0.17067307692307693 0.21033653846153846
2 0.7007211538461539 0.7920673076923077 0.28125 0.28725961538461536
0 0.7235576923076923 0.25 0.0625 0.07451923076923077
0 0.018028846153846152 0.8737980769230769 0.036057692307692304 0.0889423076923077