1 0.6766826923076923 0.8810096153846154 0.22355769230769232 0.23317307692307693
1 0.8257211538461539 0.8473557692307693 0.23317307692307693 0.1935096153846154
1 0.43990384615384615 0.2439903846153846 0.23798076923076922 0.20793269230769232
1 0.5649038461538461 0.15985576923076922 0.25240384615384615 0.25
1 0.6141826923076923 0.65625 0.25 0.19591346153846154
1 0.24639423076923078 0.09375 0.25721153846153844 0.18389423076923078
1 0.5973557692307693 0.4807692307692308 0.18269230769230768 0.21875
1 0.7596153846153846 0.11177884615384616 0.22596153846153846 0.21875
1 0.6959134615384616 0.41586538461538464 0.22596153846153846 0.22235576923076922
1 0.8173076923076923 0.6382211538461539 0.22596153846153846 0.20192307692307693
1 0.15384615384615385 0.21995192307692307 0.22355769230769232 0.22235576923076922
1 0.8377403846153846 0.38461538461538464 0.2091346153846154 0.21033653846153846
1 0.9435096153846154 0.828125 0.10817307692307693 0.18028846153846154
1 0.04326923076923077 0.3137019230769231 0.08653846153846154 0.2283653846153846
2 0.2692307692307692 0.6947115384615384 0.4375 0.44350961538461536
0 0.5228365384615384 0.4795673076923077 0.07692307692307693 0.08774038461538461