1 0.15625 0.25240384615384615 0.1778846153846154 0.22115384615384615
1 0.054086538461538464 0.4543269230769231 0.10817307692307693 0.25
1 0.3449519230769231 0.6526442307692307 0.1778846153846154 0.22115384615384615
1 0.26802884615384615 0.7091346153846154 0.18028846153846154 0.23918269230769232
1 0.328125 0.90625 0.15384615384615385 0.18389423076923078
1 0.4723557692307692 0.90625 0.15384615384615385 0.18389423076923078
1 0.8737980769230769 0.4699519230769231 0.16826923076923078 0.20192307692307693
1 0.8365384615384616 0.6802884615384616 0.16826923076923078 0.20192307692307693
1 0.6730769230769231 0.6033653846153846 0.16826923076923078 0.20192307692307693
1 0.46274038461538464 0.4026442307692308 0.19951923076923078 0.21514423076923078
1 0.3629807692307692 0.45072115384615385 0.1875 0.21514423076923078
1 0.3088942307692308 0.19951923076923078 0.15865384615384615 0.2692307692307692
1 0.5204326923076923 0.17548076923076922 0.11538461538461539 0.24759615384615385
1 0.6141826923076923 0.8401442307692307 0.22115384615384615 0.3161057692307692
2 0.6935096153846154 0.27283653846153844 0.36538461538461536 0.4206730769230769