1 0.30288461538461536 0.8449519230769231 0.20432692307692307 0.1935096153846154
1 0.75 0.9026442307692307 0.20432692307692307 0.19110576923076922
1 0.8257211538461539 0.78125 0.2403846153846154 0.19591346153846154
1 0.7980769230769231 0.5733173076923077 0.21153846153846154 0.19110576923076922
1 0.6875 0.3629807692307692 0.21634615384615385 0.20192307692307693
1 0.6286057692307693 0.5252403846153846 0.18509615384615385 0.20793269230769232
1 0.20673076923076922 0.3161057692307692 0.23076923076923078 0.19831730769230768
1 0.4567307692307692 0.27283653846153844 0.24519230769230768 0.23798076923076922
1 0.07572115384615384 0.140625 0.15144230769230768 0.23317307692307693
1 0.24759615384615385 0.11658653846153846 0.25961538461538464 0.22956730769230768
1 0.14302884615384615 0.4723557692307692 0.23076923076923078 0.19831730769230768
1 0.11057692307692307 0.5528846153846154 0.22115384615384615 0.20192307692307693
1 0.39663461538461536 0.4543269230769231 0.2403846153846154 0.21634615384615385
1 0.7175480769230769 0.1622596153846154 0.24519230769230768 0.23798076923076922
1 0.8798076923076923 0.4182692307692308 0.22115384615384615 0.22235576923076922
1 0.9615384615384616 0.8882211538461539 0.07211538461538461 0.22355769230769232
1 0.9399038461538461 0.6286057692307693 0.11538461538461539 0.21394230769230768
1 0.4074519230769231 0.0829326923076923 0.21634615384615385 0.1622596153846154
2 0.5048076923076923 0.7680288461538461 0.45913461538461536 0.43990384615384615