2 0.6394230769230769 0.375 0.31490384615384615 0.2956730769230769
1 0.8137019230769231 0.5853365384615384 0.2283653846153846 0.2127403846153846
1 0.4963942307692308 0.6213942307692307 0.18990384615384615 0.25240384615384615
1 0.5600961538461539 0.6358173076923077 0.1466346153846154 0.25
1 0.6262019230769231 0.6850961538461539 0.1466346153846154 0.25
1 0.6778846153846154 0.7223557692307693 0.1466346153846154 0.25
1 0.7259615384615384 0.7307692307692307 0.1466346153846154 0.25
1 0.24639423076923078 0.5625 0.2283653846153846 0.2127403846153846
1 0.3161057692307692 0.5372596153846154 0.2283653846153846 0.2127403846153846
1 0.26322115384615385 0.7379807692307693 0.2283653846153846 0.2127403846153846
1 0.1502403846153846 0.7980769230769231 0.13221153846153846 0.21634615384615385
1 0.030048076923076924 0.28725961538461536 0.06009615384615385 0.20432692307692307
1 0.04567307692307692 0.17908653846153846 0.09134615384615384 0.2091346153846154
1 0.2860576923076923 0.2692307692307692 0.2403846153846154 0.23076923076923078
1 0.31009615384615385 0.09615384615384616 0.24278846153846154 0.1875
1 0.49278846153846156 0.8834134615384616 0.24278846153846154 0.22956730769230768
1 0.7716346153846154 0.9038461538461539 0.2283653846153846 0.1875
1 0.7067307692307693 0.15985576923076922 0.19951923076923078 0.22716346153846154
1 0.4831730769230769 0.09375 0.19471153846153846 0.18389423076923078