1 0.8185096153846154 0.3088942307692308 0.21875 0.2247596153846154
1 0.3161057692307692 0.6346153846153846 0.25240384615384615 0.22235576923076922
1 0.38100961538461536 0.8870192307692307 0.2548076923076923 0.22115384615384615
1 0.03245192307692308 0.11298076923076923 0.06490384615384616 0.22115384615384615
1 0.3701923076923077 0.41947115384615385 0.18990384615384615 0.19831730769230768
1 0.13341346153846154 0.2548076923076923 0.21875 0.20673076923076922
1 0.7860576923076923 0.578125 0.21875 0.20673076923076922
1 0.8786057692307693 0.6081730769230769 0.23798076923076922 0.22115384615384615
1 0.59375 0.2403846153846154 0.21153846153846154 0.21875
1 0.30288461538461536 0.4326923076923077 0.18028846153846154 0.17668269230769232
2 0.8269230769230769 0.8882211538461539 0.34134615384615385 0.22355769230769232
2 0.6057692307692307 0.6995192307692307 0.45913461538461536 0.5036057692307693