1 0.33533653846153844 0.8389423076923077 0.18509615384615385 0.21033653846153846
1 0.4254807692307692 0.5673076923076923 0.1778846153846154 0.2439903846153846
1 0.49759615384615385 0.32211538461538464 0.17548076923076922 0.20673076923076922
1 0.6790865384615384 0.2692307692307692 0.18990384615384615 0.19591346153846154
1 0.8064903846153846 0.12139423076923077 0.20673076923076922 0.23317307692307693
1 0.9326923076923077 0.8161057692307693 0.12980769230769232 0.21875
1 0.19230769230769232 0.640625 0.22596153846153846 0.2644230769230769
1 0.09615384615384616 0.49399038461538464 0.19230769230769232 0.24759615384615385
1 0.7451923076923077 0.8125 0.1971153846153846 0.22956730769230768
1 0.5144230769230769 0.15865384615384615 0.1971153846153846 0.22956730769230768
1 0.10336538461538461 0.7764423076923077 0.15625 0.22716346153846154
2 0.8052884615384616 0.5540865384615384 0.3485576923076923 0.3713942307692308
0 0.20673076923076922 0.8233173076923077 0.08173076923076923 0.0829326923076923