1 0.5745192307692307 0.33052884615384615 0.21634615384615385 0.23918269230769232
1 0.8425480769230769 0.8629807692307693 0.24759615384615385 0.20432692307692307
1 0.75 0.4795673076923077 0.25721153846153844 0.24158653846153846
1 0.8762019230769231 0.6899038461538461 0.24278846153846154 0.17307692307692307
1 0.31971153846153844 0.9050480769230769 0.2091346153846154 0.18509615384615385
1 0.11057692307692307 0.5865384615384616 0.20673076923076922 0.20192307692307693
1 0.06610576923076923 0.36658653846153844 0.13221153846153846 0.20432692307692307
1 0.39302884615384615 0.15985576923076922 0.2668269230769231 0.23317307692307693
1 0.3125 0.34375 0.23076923076923078 0.22956730769230768
1 0.140625 0.2980769230769231 0.23076923076923078 0.22956730769230768
1 0.13822115384615385 0.18389423076923078 0.23076923076923078 0.22956730769230768
1 0.921875 0.4675480769230769 0.15144230769230768 0.21394230769230768
1 0.24519230769230768 0.5420673076923077 0.20432692307692307 0.19951923076923078
2 0.4891826923076923 0.5925480769230769 0.47836538461538464 0.46033653846153844