1 0.22596153846153846 0.2644230769230769 0.23557692307692307 0.2620192307692308
1 0.6442307692307693 0.36899038461538464 0.25961538461538464 0.2620192307692308
1 0.8942307692307693 0.5144230769230769 0.20673076923076922 0.1875
1 0.8377403846153846 0.11298076923076923 0.16826923076923078 0.22115384615384615
1 0.7956730769230769 0.8557692307692307 0.23798076923076922 0.22716346153846154
1 0.7716346153846154 0.6322115384615384 0.23798076923076922 0.22716346153846154
1 0.3798076923076923 0.09014423076923077 0.21875 0.17668269230769232
1 0.18509615384615385 0.8882211538461539 0.16346153846153846 0.17307692307692307
1 0.42908653846153844 0.8401442307692307 0.2548076923076923 0.23798076923076922
1 0.6081730769230769 0.890625 0.21875 0.21514423076923078
1 0.36899038461538464 0.3245192307692308 0.21394230769230768 0.22235576923076922
2 0.5180288461538461 0.5949519230769231 0.4423076923076923 0.4266826923076923