1 0.14302884615384615 0.14783653846153846 0.19230769230769232 0.22115384615384615
1 0.28365384615384615 0.18389423076923078 0.19230769230769232 0.22115384615384615
1 0.7704326923076923 0.13942307692307693 0.1658653846153846 0.21634615384615385
1 0.453125 0.29086538461538464 0.21153846153846154 0.25240384615384615
1 0.35096153846153844 0.4651442307692308 0.21153846153846154 0.25240384615384615
1 0.2536057692307692 0.8810096153846154 0.1971153846153846 0.23317307692307693
1 0.18629807692307693 0.48197115384615385 0.17548076923076922 0.20192307692307693
1 0.8161057692307693 0.6911057692307693 0.18990384615384615 0.23076923076923078
1 0.8449519230769231 0.2920673076923077 0.21634615384615385 0.20793269230769232
1 0.6201923076923077 0.31971153846153844 0.18509615384615385 0.19831730769230768
1 0.6322115384615384 0.09975961538461539 0.1875 0.19591346153846154
1 0.6971153846153846 0.8305288461538461 0.18509615384615385 0.23076923076923078
1 0.5697115384615384 0.9026442307692307 0.17548076923076922 0.18990384615384615
0 0.14543269230769232 0.6466346153846154 0.057692307692307696 0.09375
0 0.26802884615384615 0.6538461538461539 0.0985576923076923 0.10817307692307693
0 0.7908653846153846 0.5216346153846154 0.07211538461538461 0.09375
0 0.7776442307692307 0.6009615384615384 0.0673076923076923 0.0733173076923077
2 0.5252403846153846 0.6610576923076923 0.375 0.40625