1 0.8461538461538461 0.22355769230769232 0.25240384615384615 0.21033653846153846
1 0.65625 0.234375 0.1875 0.21033653846153846
1 0.29927884615384615 0.9170673076923077 0.21634615384615385 0.1622596153846154
1 0.44350961538461536 0.5 0.20192307692307693 0.22115384615384615
1 0.5456730769230769 0.21153846153846154 0.17067307692307693 0.18990384615384615
1 0.7728365384615384 0.6478365384615384 0.22596153846153846 0.23317307692307693
1 0.6262019230769231 0.8293269230769231 0.2091346153846154 0.17908653846153846
1 0.7319711538461539 0.9182692307692307 0.22596153846153846 0.15865384615384615
1 0.5 0.9459134615384616 0.22596153846153846 0.1045673076923077
1 0.47596153846153844 0.6995192307692307 0.2091346153846154 0.17908653846153846
1 0.5853365384615384 0.6442307692307693 0.21634615384615385 0.21514423076923078
1 0.026442307692307692 0.6670673076923077 0.052884615384615384 0.24278846153846154
2 0.20552884615384615 0.7644230769230769 0.4110576923076923 0.4182692307692308
0 0.8052884615384616 0.3473557692307692 0.09134615384615384 0.08173076923076923
0 0.9122596153846154 0.5709134615384616 0.11057692307692307 0.0829326923076923