1 0.7055288461538461 0.4326923076923077 0.2668269230769231 0.24759615384615385
1 0.515625 0.41466346153846156 0.25240384615384615 0.2247596153846154
1 0.8016826923076923 0.8942307692307693 0.21394230769230768 0.20793269230769232
1 0.8762019230769231 0.6802884615384616 0.24278846153846154 0.24519230769230768
1 0.8954326923076923 0.578125 0.20432692307692307 0.22355769230769232
1 0.7536057692307693 0.17908653846153846 0.2283653846153846 0.25
1 0.33774038461538464 0.4254807692307692 0.2283653846153846 0.19951923076923078
1 0.19230769230769232 0.49278846153846156 0.25961538461538464 0.23557692307692307
1 0.21514423076923078 0.19471153846153846 0.25961538461538464 0.23557692307692307
1 0.5576923076923077 0.14302884615384615 0.25961538461538464 0.23557692307692307
1 0.03125 0.3112980769230769 0.0625 0.23798076923076922
1 0.15625 0.3701923076923077 0.2668269230769231 0.20673076923076922
1 0.3088942307692308 0.2247596153846154 0.2644230769230769 0.1875
1 0.42908653846153844 0.9050480769230769 0.2644230769230769 0.18509615384615385
2 0.5228365384615384 0.7091346153846154 0.4639423076923077 0.43990384615384615