2 0.234375 0.5829326923076923 0.43509615384615385 0.5961538461538461
1 0.8485576923076923 0.7776442307692307 0.25 0.20673076923076922
1 0.6538461538461539 0.49038461538461536 0.18028846153846154 0.1814903846153846
1 0.5588942307692307 0.5348557692307693 0.18028846153846154 0.1814903846153846
1 0.4807692307692308 0.7572115384615384 0.18269230769230768 0.31490384615384615
1 0.6165865384615384 0.7620192307692307 0.1778846153846154 0.19951923076923078
1 0.5949519230769231 0.8990384615384616 0.18028846153846154 0.19831730769230768
1 0.7548076923076923 0.3161057692307692 0.22596153846153846 0.22716346153846154
1 0.703125 0.10096153846153846 0.22596153846153846 0.19831730769230768
1 0.3894230769230769 0.3173076923076923 0.21875 0.18990384615384615
1 0.5336538461538461 0.3088942307692308 0.25721153846153844 0.2620192307692308
1 0.09254807692307693 0.2860576923076923 0.18509615384615385 0.2548076923076923
1 0.06009615384615385 0.0985576923076923 0.1201923076923077 0.1971153846153846
1 0.44471153846153844 0.06850961538461539 0.20192307692307693 0.13341346153846154
1 0.2764423076923077 0.14543269230769232 0.2548076923076923 0.23798076923076922
0 0.8173076923076923 0.9002403846153846 0.07692307692307693 0.07091346153846154
1 0.8064903846153846 0.41346153846153844 0.18028846153846154 0.1814903846153846
1 0.36899038461538464 0.9086538461538461 0.18269230769230768 0.17908653846153846