2 0.46634615384615385 0.5877403846153846 0.2644230769230769 0.2956730769230769
1 0.34375 0.3894230769230769 0.18509615384615385 0.19591346153846154
1 0.1622596153846154 0.8004807692307693 0.21875 0.21033653846153846
1 0.07572115384615384 0.3942307692307692 0.12980769230769232 0.21875
1 0.18269230769230768 0.28966346153846156 0.21875 0.20793269230769232
1 0.2403846153846154 0.13581730769230768 0.21875 0.20793269230769232
1 0.6514423076923077 0.09735576923076923 0.12980769230769232 0.19110576923076922
1 0.6045673076923077 0.2620192307692308 0.2283653846153846 0.19831730769230768
1 0.4879807692307692 0.2776442307692308 0.23557692307692307 0.23918269230769232
1 0.3605769230769231 0.8942307692307693 0.22115384615384615 0.20673076923076922
1 0.5865384615384616 0.7247596153846154 0.1658653846153846 0.1875
1 0.6778846153846154 0.5420673076923077 0.1658653846153846 0.1875
1 0.7019230769230769 0.921875 0.18028846153846154 0.15264423076923078
1 0.8389423076923077 0.10697115384615384 0.22596153846153846 0.21033653846153846
0 0.5372596153846154 0.8509615384615384 0.07932692307692307 0.08173076923076923
0 0.3545673076923077 0.7487980769230769 0.07932692307692307 0.08173076923076923
1 0.8774038461538461 0.7163461538461539 0.16105769230769232 0.22956730769230768
1 0.9579326923076923 0.38341346153846156 0.07932692307692307 0.22355769230769232
1 0.9242788461538461 0.25600961538461536 0.1466346153846154 0.22355769230769232