1 0.7692307692307693 0.48197115384615385 0.16105769230769232 0.18990384615384615
1 0.6538461538461539 0.5216346153846154 0.16105769230769232 0.18990384615384615
1 0.15504807692307693 0.2800480769230769 0.16105769230769232 0.20673076923076922
1 0.09254807692307693 0.609375 0.16105769230769232 0.20673076923076922
1 0.19471153846153846 0.10576923076923077 0.18990384615384615 0.20192307692307693
1 0.4254807692307692 0.6947115384615384 0.18990384615384615 0.20192307692307693
1 0.051682692307692304 0.16706730769230768 0.10336538461538461 0.2668269230769231
2 0.6742788461538461 0.21514423076923078 0.4014423076923077 0.4254807692307692
0 0.46153846153846156 0.5805288461538461 0.0673076923076923 0.06490384615384616
0 0.44350961538461536 0.5144230769230769 0.057692307692307696 0.0829326923076923
0 0.3942307692307692 0.5216346153846154 0.06009615384615385 0.0733173076923077
0 0.5408653846153846 0.35216346153846156 0.06490384615384616 0.07091346153846154