1 0.6225961538461539 0.34615384615384615 0.17067307692307693 0.2536057692307692
1 0.78125 0.3004807692307692 0.18509615384615385 0.24759615384615385
1 0.4567307692307692 0.5504807692307693 0.19471153846153846 0.28725961538461536
1 0.1502403846153846 0.7608173076923077 0.18269230769230768 0.21634615384615385
1 0.484375 0.21754807692307693 0.16105769230769232 0.21033653846153846
1 0.6971153846153846 0.07572115384615384 0.15625 0.14783653846153846
1 0.17307692307692307 0.4639423076923077 0.16105769230769232 0.21033653846153846
1 0.09615384615384616 0.1778846153846154 0.19230769230769232 0.2403846153846154
1 0.9242788461538461 0.4675480769230769 0.1466346153846154 0.2283653846153846
1 0.3016826923076923 0.7692307692307693 0.14423076923076922 0.19831730769230768
1 0.3076923076923077 0.30528846153846156 0.16105769230769232 0.21033653846153846
2 0.6430288461538461 0.8245192307692307 0.3293269230769231 0.34615384615384615