1 0.6430288461538461 0.109375 0.23557692307692307 0.19831730769230768
1 0.24278846153846154 0.30528846153846156 0.23557692307692307 0.19831730769230768
1 0.5817307692307693 0.9002403846153846 0.23798076923076922 0.19591346153846154
1 0.47115384615384615 0.3557692307692308 0.27884615384615385 0.22956730769230768
1 0.4254807692307692 0.21875 0.23076923076923078 0.18389423076923078
1 0.5120192307692307 0.09254807692307693 0.24278846153846154 0.1814903846153846
1 0.7307692307692307 0.25721153846153844 0.23557692307692307 0.19831730769230768
1 0.7091346153846154 0.38100961538461536 0.22115384615384615 0.23317307692307693
1 0.14543269230769232 0.734375 0.25240384615384615 0.23918269230769232
1 0.11298076923076923 0.9266826923076923 0.22596153846153846 0.1466346153846154
1 0.27283653846153844 0.9182692307692307 0.27403846153846156 0.15865384615384615
1 0.07572115384615384 0.4567307692307692 0.15144230769230768 0.21634615384615385
1 0.7512019230769231 0.8064903846153846 0.19471153846153846 0.19591346153846154
1 0.8389423076923077 0.4543269230769231 0.22115384615384615 0.27884615384615385
0 0.42908653846153844 0.8629807692307693 0.07211538461538461 0.0829326923076923
2 0.40625 0.6334134615384616 0.4495192307692308 0.40024038461538464