1 0.2608173076923077 0.15865384615384615 0.18990384615384615 0.19110576923076922
1 0.5504807692307693 0.7548076923076923 0.20192307692307693 0.22235576923076922
1 0.8629807692307693 0.8822115384615384 0.20192307692307693 0.22235576923076922
1 0.9290865384615384 0.7079326923076923 0.13701923076923078 0.21875
1 0.8245192307692307 0.5612980769230769 0.20192307692307693 0.22235576923076922
1 0.14423076923076922 0.22355769230769232 0.13221153846153846 0.27283653846153844
1 0.7115384615384616 0.11298076923076923 0.20432692307692307 0.22115384615384615
1 0.6971153846153846 0.33653846153846156 0.20192307692307693 0.22235576923076922
1 0.6514423076923077 0.9206730769230769 0.1971153846153846 0.15384615384615385
1 0.18389423076923078 0.8245192307692307 0.20192307692307693 0.22235576923076922
2 0.359375 0.47115384615384615 0.3701923076923077 0.4338942307692308