1 0.3762019230769231 0.4951923076923077 0.22596153846153846 0.17307692307692307
1 0.49158653846153844 0.640625 0.22596153846153846 0.17307692307692307
1 0.5576923076923077 0.46274038461538464 0.21153846153846154 0.19951923076923078
1 0.6838942307692307 0.09254807692307693 0.21153846153846154 0.1814903846153846
1 0.8737980769230769 0.11177884615384616 0.21875 0.21875
1 0.5264423076923077 0.23076923076923078 0.23798076923076922 0.2127403846153846
1 0.23677884615384615 0.16105769230769232 0.23317307692307693 0.20673076923076922
1 0.8449519230769231 0.6983173076923077 0.21153846153846154 0.19951923076923078
1 0.47716346153846156 0.8641826923076923 0.21153846153846154 0.19951923076923078
1 0.2091346153846154 0.30408653846153844 0.21153846153846154 0.19951923076923078
1 0.38822115384615385 0.07091346153846154 0.13942307692307693 0.13701923076923078
1 0.7836538461538461 0.9206730769230769 0.16826923076923078 0.15384615384615385
1 0.6466346153846154 0.6670673076923077 0.17548076923076922 0.17067307692307693
1 0.6105769230769231 0.8762019230769231 0.15144230769230768 0.15985576923076922
2 0.30649038461538464 0.8413461538461539 0.3076923076923077 0.24158653846153846
0 0.3545673076923077 0.671875 0.0889423076923077 0.09375
0 0.6610576923076923 0.2283653846153846 0.0889423076923077 0.09375