1 0.6899038461538461 0.37259615384615385 0.21394230769230768 0.22956730769230768
1 0.7067307692307693 0.5925480769230769 0.18028846153846154 0.18990384615384615
1 0.8137019230769231 0.9038461538461539 0.2283653846153846 0.1875
1 0.14182692307692307 0.8365384615384616 0.18269230769230768 0.1935096153846154
1 0.24278846153846154 0.25240384615384615 0.18509615384615385 0.19951923076923078
1 0.5204326923076923 0.18990384615384615 0.20192307692307693 0.20793269230769232
1 0.8786057692307693 0.4699519230769231 0.23798076923076922 0.22355769230769232
1 0.8942307692307693 0.6826923076923077 0.1658653846153846 0.18990384615384615
1 0.25 0.4495192307692308 0.18509615384615385 0.19951923076923078
1 0.2824519230769231 0.8425480769230769 0.20432692307692307 0.20192307692307693
2 0.4951923076923077 0.6574519230769231 0.39903846153846156 0.4483173076923077