1 0.4362980769230769 0.15264423076923078 0.2620192307692308 0.19831730769230768
1 0.5024038461538461 0.30528846153846156 0.1778846153846154 0.18990384615384615
1 0.7103365384615384 0.1814903846153846 0.22596153846153846 0.20432692307692307
1 0.7115384615384616 0.7848557692307693 0.1971153846153846 0.20432692307692307
1 0.49399038461538464 0.7247596153846154 0.20192307692307693 0.1875
1 0.49759615384615385 0.5685096153846154 0.18269230769230768 0.17908653846153846
1 0.37259615384615385 0.8257211538461539 0.24278846153846154 0.23557692307692307
1 0.8461538461538461 0.9002403846153846 0.1778846153846154 0.19591346153846154
1 0.9086538461538461 0.8954326923076923 0.1778846153846154 0.2091346153846154
1 0.6694711538461539 0.4254807692307692 0.27884615384615385 0.2439903846153846
1 0.6899038461538461 0.6033653846153846 0.21394230769230768 0.1935096153846154
1 0.21033653846153846 0.19110576923076922 0.22115384615384615 0.2620192307692308
1 0.8786057692307693 0.5228365384615384 0.1971153846153846 0.22115384615384615
2 0.09495192307692307 0.3173076923076923 0.18990384615384615 0.4423076923076923