1 0.32211538461538464 0.24639423076923078 0.17307692307692307 0.20793269230769232
1 0.6983173076923077 0.5252403846153846 0.18509615384615385 0.2127403846153846
1 0.5048076923076923 0.3173076923076923 0.14182692307692307 0.19831730769230768
1 0.4230769230769231 0.453125 0.18269230769230768 0.25240384615384615
1 0.6189903846153846 0.19110576923076922 0.15144230769230768 0.21514423076923078
1 0.24759615384615385 0.6225961538461539 0.22115384615384615 0.22956730769230768
1 0.15625 0.3317307692307692 0.22115384615384615 0.25
1 0.8509615384615384 0.40625 0.23076923076923078 0.1622596153846154
1 0.8557692307692307 0.8581730769230769 0.17548076923076922 0.19591346153846154
1 0.9230769230769231 0.09014423076923077 0.1466346153846154 0.17668269230769232
1 0.7379807692307693 0.2127403846153846 0.17307692307692307 0.23798076923076922
1 0.45913461538461536 0.0829326923076923 0.1971153846153846 0.1622596153846154
1 0.04326923076923077 0.8461538461538461 0.08653846153846154 0.24519230769230768
2 0.5300480769230769 0.7848557692307693 0.41346153846153844 0.4266826923076923