1 0.5588942307692307 0.12860576923076922 0.22355769230769232 0.22956730769230768
1 0.46274038461538464 0.5817307692307693 0.22596153846153846 0.2247596153846154
1 0.18028846153846154 0.5829326923076923 0.22596153846153846 0.2247596153846154
1 0.31490384615384615 0.2920673076923077 0.2956730769230769 0.34134615384615385
1 0.7548076923076923 0.7536057692307693 0.2644230769230769 0.2439903846153846
1 0.6598557692307693 0.6802884615384616 0.23317307692307693 0.22235576923076922
1 0.25 0.7668269230769231 0.22596153846153846 0.2247596153846154
1 0.8100961538461539 0.5865384615384616 0.23317307692307693 0.22235576923076922
1 0.06850961538461539 0.7620192307692307 0.13701923076923078 0.22596153846153846
2 0.4423076923076923 0.8665865384615384 0.35336538461538464 0.2620192307692308
0 0.3233173076923077 0.4723557692307692 0.0889423076923077 0.07692307692307693
0 0.35697115384615385 0.036057692307692304 0.08653846153846154 0.06850961538461539