1 0.734375 0.6778846153846154 0.21153846153846154 0.1935096153846154
1 0.8449519230769231 0.3581730769230769 0.21634615384615385 0.22956730769230768
1 0.7872596153846154 0.19951923076923078 0.1778846153846154 0.21634615384615385
1 0.5697115384615384 0.5733173076923077 0.2091346153846154 0.25841346153846156
1 0.40024038461538464 0.7896634615384616 0.1971153846153846 0.20793269230769232
1 0.5600961538461539 0.8557692307692307 0.24278846153846154 0.2247596153846154
1 0.3125 0.9098557692307693 0.22355769230769232 0.17548076923076922
1 0.65625 0.17548076923076922 0.19471153846153846 0.1814903846153846
1 0.6814903846153846 0.31971153846153844 0.19471153846153846 0.1814903846153846
2 0.32211538461538464 0.40384615384615385 0.3317307692307692 0.3293269230769231
0 0.7920673076923077 0.9579326923076923 0.08173076923076923 0.07932692307692307
0 0.1814903846153846 0.5480769230769231 0.08173076923076923 0.09615384615384616