1 0.9254807692307693 0.7463942307692307 0.14423076923076922 0.24759615384615385
1 0.5949519230769231 0.10216346153846154 0.22115384615384615 0.19951923076923078
1 0.4699519230769231 0.7620192307692307 0.22355769230769232 0.25
1 0.40865384615384615 0.890625 0.25721153846153844 0.21514423076923078
1 0.24158653846153846 0.8990384615384616 0.24278846153846154 0.19831730769230768
1 0.7259615384615384 0.8894230769230769 0.24519230769230768 0.19951923076923078
1 0.12139423076923077 0.3545673076923077 0.22355769230769232 0.20432692307692307
1 0.0889423076923077 0.09134615384615384 0.1778846153846154 0.18269230769230768
0 0.75 0.21394230769230768 0.10817307692307693 0.08533653846153846
0 0.2824519230769231 0.3161057692307692 0.07211538461538461 0.07692307692307693
2 0.5889423076923077 0.5961538461538461 0.4807692307692308 0.44591346153846156
1 0.38341346153846156 0.10216346153846154 0.23798076923076922 0.19951923076923078
1 0.7319711538461539 0.08413461538461539 0.22115384615384615 0.14423076923076922