1 0.23317307692307693 0.27163461538461536 0.16826923076923078 0.23918269230769232
1 0.4987980769230769 0.2764423076923077 0.16826923076923078 0.23918269230769232
1 0.6322115384615384 0.1310096153846154 0.22596153846153846 0.21634615384615385
1 0.7908653846153846 0.1310096153846154 0.1778846153846154 0.1875
1 0.8377403846153846 0.30408653846153844 0.1778846153846154 0.1875
1 0.6923076923076923 0.32091346153846156 0.1778846153846154 0.1875
1 0.7536057692307693 0.5024038461538461 0.18269230769230768 0.21634615384615385
1 0.6274038461538461 0.8329326923076923 0.18269230769230768 0.21634615384615385
1 0.5973557692307693 0.5144230769230769 0.18269230769230768 0.21634615384615385
1 0.22596153846153846 0.8834134615384616 0.28365384615384615 0.19951923076923078
2 0.31971153846153844 0.5757211538461539 0.3389423076923077 0.4483173076923077