0 0.8425480769230769 0.5588942307692307 0.0889423076923077 0.0829326923076923
2 0.4411057692307692 0.5276442307692307 0.3125 0.3161057692307692
1 0.28966346153846156 0.30408653846153844 0.2932692307692308 0.22115384615384615
1 0.24759615384615385 0.5901442307692307 0.20673076923076922 0.21875
1 0.15745192307692307 0.7680288461538461 0.20192307692307693 0.21875
1 0.18629807692307693 0.8653846153846154 0.20192307692307693 0.21875
1 0.3016826923076923 0.9362980769230769 0.1971153846153846 0.12259615384615384
1 0.49278846153846156 0.7800480769230769 0.21634615384615385 0.13942307692307693
1 0.6634615384615384 0.3449519230769231 0.19951923076923078 0.23076923076923078
1 0.265625 0.11658653846153846 0.20192307692307693 0.22956730769230768
1 0.10096153846153846 0.3713942307692308 0.19951923076923078 0.23076923076923078
1 0.8125 0.8605769230769231 0.23317307692307693 0.2127403846153846
1 0.9603365384615384 0.6923076923076923 0.07451923076923077 0.22115384615384615
1 0.8389423076923077 0.2548076923076923 0.23317307692307693 0.21514423076923078
1 0.8076923076923077 0.08413461538461539 0.18269230769230768 0.16466346153846154
1 0.5721153846153846 0.15745192307692307 0.19951923076923078 0.23076923076923078
1 0.6742788461538461 0.06971153846153846 0.18028846153846154 0.13581730769230768