1 0.33413461538461536 0.4951923076923077 0.18028846153846154 0.21514423076923078
1 0.41466346153846156 0.4723557692307692 0.18509615384615385 0.2668269230769231
1 0.1622596153846154 0.43990384615384615 0.21153846153846154 0.23317307692307693
1 0.13221153846153846 0.24519230769230768 0.18509615384615385 0.20192307692307693
1 0.6081730769230769 0.4567307692307692 0.1971153846153846 0.22956730769230768
1 0.8653846153846154 0.6814903846153846 0.1658653846153846 0.19951923076923078
1 0.9338942307692307 0.22355769230769232 0.12740384615384615 0.20673076923076922
1 0.07211538461538461 0.8677884615384616 0.14423076923076922 0.1778846153846154
1 0.5432692307692307 0.6634615384615384 0.15865384615384615 0.18509615384615385
1 0.8725961538461539 0.15144230769230768 0.21634615384615385 0.23918269230769232
1 0.5721153846153846 0.16826923076923078 0.22596153846153846 0.20793269230769232
2 0.3425480769230769 0.8233173076923077 0.40384615384615385 0.34975961538461536