1 0.8798076923076923 0.9158653846153846 0.23557692307692307 0.16346153846153846
1 0.4735576923076923 0.6165865384615384 0.18028846153846154 0.2247596153846154
1 0.4567307692307692 0.390625 0.18509615384615385 0.1935096153846154
1 0.4338942307692308 0.8954326923076923 0.18509615384615385 0.19110576923076922
1 0.18028846153846154 0.1622596153846154 0.1971153846153846 0.19110576923076922
1 0.08533653846153846 0.5685096153846154 0.16346153846153846 0.19591346153846154
1 0.22596153846153846 0.8485576923076923 0.1658653846153846 0.1935096153846154
1 0.06490384615384616 0.09134615384615384 0.12980769230769232 0.17307692307692307
1 0.7872596153846154 0.26802884615384615 0.18028846153846154 0.23557692307692307
1 0.8353365384615384 0.6862980769230769 0.19471153846153846 0.21514423076923078
1 0.7115384615384616 0.7319711538461539 0.18509615384615385 0.17668269230769232
1 0.7536057692307693 0.484375 0.23076923076923078 0.21514423076923078
1 0.59375 0.3473557692307692 0.17307692307692307 0.1935096153846154
1 0.5192307692307693 0.23798076923076922 0.18509615384615385 0.1875
1 0.6105769230769231 0.17548076923076922 0.21875 0.20793269230769232
2 0.2668269230769231 0.4639423076923077 0.3581730769230769 0.31850961538461536
0 0.46033653846153844 0.11177884615384616 0.07932692307692307 0.08533653846153846