1 0.38221153846153844 0.6237980769230769 0.18028846153846154 0.21033653846153846
1 0.3918269230769231 0.3485576923076923 0.18028846153846154 0.21033653846153846
1 0.328125 0.15745192307692307 0.18028846153846154 0.21033653846153846
1 0.6995192307692307 0.7379807692307693 0.18028846153846154 0.21033653846153846
1 0.8413461538461539 0.8786057692307693 0.13221153846153846 0.16826923076923078
1 0.6947115384615384 0.3762019230769231 0.16346153846153846 0.20673076923076922
1 0.8088942307692307 0.3317307692307692 0.16346153846153846 0.20673076923076922
1 0.7007211538461539 0.17908653846153846 0.17067307692307693 0.19110576923076922
1 0.19471153846153846 0.7355769230769231 0.17067307692307693 0.19110576923076922
1 0.20673076923076922 0.36538461538461536 0.19951923076923078 0.21033653846153846
1 0.08533653846153846 0.5348557692307693 0.16826923076923078 0.25600961538461536
1 0.390625 0.8894230769230769 0.17067307692307693 0.19110576923076922
1 0.328125 0.8665865384615384 0.17067307692307693 0.19110576923076922
1 0.0829326923076923 0.22235576923076922 0.1658653846153846 0.19471153846153846
2 0.8834134615384616 0.609375 0.2283653846153846 0.44471153846153844
0 0.7007211538461539 0.5276442307692307 0.0625 0.09735576923076923