1 0.9098557692307693 0.6911057692307693 0.17548076923076922 0.2283653846153846
1 0.23918269230769232 0.36538461538461536 0.24278846153846154 0.22235576923076922
1 0.15745192307692307 0.11298076923076923 0.24519230769230768 0.22115384615384615
1 0.18509615384615385 0.8882211538461539 0.1971153846153846 0.21875
1 0.41586538461538464 0.5805288461538461 0.18269230769230768 0.19831730769230768
1 0.27524038461538464 0.7451923076923077 0.21153846153846154 0.20673076923076922
1 0.7403846153846154 0.421875 0.21153846153846154 0.20673076923076922
1 0.8209134615384616 0.39302884615384615 0.23798076923076922 0.21875
1 0.7451923076923077 0.7596153846153846 0.20673076923076922 0.21875
1 0.34134615384615385 0.5673076923076923 0.17307692307692307 0.17668269230769232
2 0.6069711538461539 0.11298076923076923 0.33413461538461536 0.22115384615384615
2 0.49038461538461536 0.3004807692307692 0.4423076923076923 0.5036057692307693