1 0.14182692307692307 0.4411057692307692 0.21394230769230768 0.2127403846153846
1 0.31009615384615385 0.4254807692307692 0.21394230769230768 0.2127403846153846
1 0.1141826923076923 0.6538461538461539 0.21394230769230768 0.2127403846153846
1 0.04567307692307692 0.6598557692307693 0.09134615384615384 0.2091346153846154
1 0.4735576923076923 0.5372596153846154 0.2091346153846154 0.20432692307692307
1 0.30528846153846156 0.6322115384615384 0.2764423076923077 0.18990384615384615
1 0.19230769230769232 0.7908653846153846 0.25721153846153844 0.15264423076923078
1 0.054086538461538464 0.9134615384615384 0.10817307692307693 0.16826923076923078
1 0.7127403846153846 0.7752403846153846 0.28365384615384615 0.2247596153846154
1 0.46875 0.921875 0.2764423076923077 0.15264423076923078
1 0.36778846153846156 0.7463942307692307 0.22115384615384615 0.2127403846153846
1 0.7379807692307693 0.5 0.22596153846153846 0.24639423076923078
1 0.8088942307692307 0.5456730769230769 0.22596153846153846 0.2127403846153846
1 0.3329326923076923 0.125 0.21394230769230768 0.2127403846153846
1 0.75 0.28365384615384615 0.21394230769230768 0.2127403846153846
2 0.5637019230769231 0.20432692307692307 0.5024038461538461 0.40384615384615385