1 0.7548076923076923 0.46153846153846156 0.3389423076923077 0.23557692307692307
1 0.5685096153846154 0.6911057692307693 0.2956730769230769 0.2620192307692308
1 0.3581730769230769 0.8894230769230769 0.25240384615384615 0.21634615384615385
1 0.2439903846153846 0.78125 0.23557692307692307 0.24639423076923078
1 0.2668269230769231 0.5997596153846154 0.23557692307692307 0.24639423076923078
1 0.09014423076923077 0.7007211538461539 0.18028846153846154 0.24759615384615385
1 0.31971153846153844 0.3762019230769231 0.31009615384615385 0.19831730769230768
1 0.5192307692307693 0.22115384615384615 0.21634615384615385 0.2127403846153846
1 0.8461538461538461 0.17548076923076922 0.24759615384615385 0.19110576923076922
1 0.5973557692307693 0.9266826923076923 0.24278846153846154 0.14182692307692307
2 0.3942307692307692 0.11899038461538461 0.5408653846153846 0.23317307692307693