0 0.6887019230769231 0.4423076923076923 0.11298076923076923 0.09735576923076923
2 0.7235576923076923 0.8449519230769231 0.23557692307692307 0.17307692307692307
1 0.3954326923076923 0.3173076923076923 0.20432692307692307 0.22235576923076922
1 0.640625 0.16346153846153846 0.20432692307692307 0.22235576923076922
1 0.8125 0.19110576923076922 0.20432692307692307 0.22235576923076922
1 0.8076923076923077 0.5408653846153846 0.20432692307692307 0.22235576923076922
1 0.9050480769230769 0.8822115384615384 0.18509615384615385 0.22596153846153846
1 0.5564903846153846 0.6069711538461539 0.20432692307692307 0.22235576923076922
0 0.6634615384615384 0.7463942307692307 0.06490384615384616 0.06490384615384616
1 0.1875 0.6887019230769231 0.20432692307692307 0.22235576923076922
1 0.10336538461538461 0.6838942307692307 0.14903846153846154 0.2127403846153846
1 0.19951923076923078 0.4567307692307692 0.20432692307692307 0.22235576923076922
1 0.3329326923076923 0.6213942307692307 0.20432692307692307 0.22235576923076922
1 0.39302884615384615 0.8737980769230769 0.20432692307692307 0.22235576923076922
1 0.3870192307692308 0.8701923076923077 0.20432692307692307 0.22235576923076922
1 0.18629807692307693 0.1971153846153846 0.20432692307692307 0.22235576923076922
1 0.7427884615384616 0.234375 0.20432692307692307 0.22235576923076922
1 0.953125 0.6394230769230769 0.0889423076923077 0.21634615384615385
1 0.2692307692307692 0.8978365384615384 0.2091346153846154 0.19951923076923078
1 0.07932692307692307 0.3786057692307692 0.15865384615384615 0.22355769230769232
1 0.0829326923076923 0.09975961538461539 0.1658653846153846 0.19951923076923078
1 0.2536057692307692 0.09975961538461539 0.2091346153846154 0.19591346153846154
0 0.109375 0.3004807692307692 0.0673076923076923 0.06850961538461539