1 0.19110576923076922 0.546875 0.18269230769230768 0.21033653846153846
1 0.4206730769230769 0.7632211538461539 0.18269230769230768 0.21033653846153846
1 0.27163461538461536 0.7163461538461539 0.1778846153846154 0.15865384615384615
1 0.33413461538461536 0.47716346153846156 0.20673076923076922 0.2247596153846154
1 0.4807692307692308 0.6057692307692307 0.2403846153846154 0.22956730769230768
1 0.6875 0.14182692307692307 0.21153846153846154 0.19110576923076922
1 0.7920673076923077 0.09014423076923077 0.18990384615384615 0.17668269230769232
1 0.7235576923076923 0.35697115384615385 0.24519230769230768 0.21875
1 0.8786057692307693 0.6286057692307693 0.18990384615384615 0.21875
1 0.18389423076923078 0.8245192307692307 0.2644230769230769 0.21875
1 0.6370192307692307 0.5432692307692307 0.18990384615384615 0.24759615384615385
2 0.3004807692307692 0.19471153846153846 0.4519230769230769 0.3858173076923077
0 0.34975961538461536 0.8473557692307693 0.0625 0.06610576923076923