0 0.32572115384615385 0.5576923076923077 0.1346153846153846 0.09735576923076923
2 0.19951923076923078 0.15504807692307693 0.27884615384615385 0.17307692307692307
1 0.6454326923076923 0.6826923076923077 0.2403846153846154 0.22235576923076922
1 0.4338942307692308 0.8365384615384616 0.2403846153846154 0.22235576923076922
1 0.2548076923076923 0.8088942307692307 0.2403846153846154 0.22235576923076922
1 0.18269230769230768 0.45913461538461536 0.2403846153846154 0.22235576923076922
1 0.06009615384615385 0.11778846153846154 0.1201923076923077 0.22596153846153846
1 0.41947115384615385 0.39302884615384615 0.2403846153846154 0.22235576923076922
0 0.28125 0.2536057692307692 0.07692307692307693 0.06490384615384616
1 0.7692307692307693 0.3112980769230769 0.2403846153846154 0.22235576923076922
1 0.8557692307692307 0.3161057692307692 0.17548076923076922 0.2127403846153846
1 0.8100961538461539 0.5432692307692307 0.2403846153846154 0.22235576923076922
1 0.640625 0.3786057692307692 0.2403846153846154 0.22235576923076922
1 0.5252403846153846 0.12620192307692307 0.2403846153846154 0.22235576923076922
1 0.53125 0.12980769230769232 0.2403846153846154 0.22235576923076922
1 0.8786057692307693 0.8028846153846154 0.23798076923076922 0.22596153846153846
1 0.31490384615384615 0.765625 0.2403846153846154 0.22235576923076922
1 0.036057692307692304 0.3605769230769231 0.07211538461538461 0.21634615384615385
1 0.6418269230769231 0.10216346153846154 0.24759615384615385 0.19951923076923078
1 0.9242788461538461 0.6213942307692307 0.1466346153846154 0.22355769230769232
1 0.9519230769230769 0.8990384615384616 0.09134615384615384 0.1971153846153846
1 0.8353365384615384 0.9002403846153846 0.24759615384615385 0.19591346153846154
0 0.9362980769230769 0.6995192307692307 0.07932692307692307 0.06850961538461539