1 0.2776442307692308 0.41947115384615385 0.1778846153846154 0.21875
1 0.5072115384615384 0.390625 0.1778846153846154 0.21875
1 0.5228365384615384 0.171875 0.1778846153846154 0.21875
1 0.3557692307692308 0.24879807692307693 0.1658653846153846 0.20192307692307693
1 0.21153846153846154 0.13701923076923078 0.1658653846153846 0.20192307692307693
1 0.31971153846153844 0.6262019230769231 0.1658653846153846 0.20192307692307693
1 0.44591346153846156 0.8040865384615384 0.18990384615384615 0.19951923076923078
1 0.47596153846153844 0.5961538461538461 0.18990384615384615 0.19951923076923078
1 0.8930288461538461 0.6598557692307693 0.18990384615384615 0.23918269230769232
1 0.8377403846153846 0.14302884615384615 0.18990384615384615 0.23918269230769232
1 0.7211538461538461 0.29447115384615385 0.23557692307692307 0.22716346153846154
1 0.1778846153846154 0.7175480769230769 0.18990384615384615 0.23918269230769232
1 0.12139423076923077 0.5036057692307693 0.18990384615384615 0.23918269230769232
2 0.7055288461538461 0.8629807692307693 0.3870192307692308 0.2692307692307692