1 0.5985576923076923 0.46634615384615385 0.17307692307692307 0.20793269230769232
1 0.6646634615384616 0.140625 0.20673076923076922 0.21514423076923078
1 0.4110576923076923 0.19951923076923078 0.15625 0.18509615384615385
1 0.7211538461538461 0.7019230769230769 0.16826923076923078 0.19110576923076922
1 0.6959134615384616 0.5564903846153846 0.18509615384615385 0.19951923076923078
1 0.8317307692307693 0.3473557692307692 0.18509615384615385 0.19951923076923078
1 0.42908653846153844 0.8834134615384616 0.21394230769230768 0.22956730769230768
1 0.056490384615384616 0.5348557692307693 0.11298076923076923 0.22355769230769232
1 0.2980769230769231 0.8581730769230769 0.20192307692307693 0.23798076923076922
1 0.21153846153846154 0.13701923076923078 0.18028846153846154 0.2247596153846154
2 0.30288461538461536 0.4699519230769231 0.3389423076923077 0.31850961538461536
0 0.8076923076923077 0.5600961538461539 0.06490384615384616 0.06610576923076923
0 0.40384615384615385 0.0733173076923077 0.06490384615384616 0.0829326923076923
0 0.17668269230769232 0.18389423076923078 0.038461538461538464 0.04807692307692308
0 0.6610576923076923 0.3293269230769231 0.06971153846153846 0.06610576923076923