1 0.15865384615384615 0.46153846153846156 0.22596153846153846 0.25600961538461536
1 0.0889423076923077 0.7427884615384616 0.1778846153846154 0.21153846153846154
1 0.1466346153846154 0.8064903846153846 0.19230769230769232 0.19951923076923078
1 0.6274038461538461 0.6165865384615384 0.19230769230769232 0.19951923076923078
1 0.41225961538461536 0.30288461538461536 0.23798076923076922 0.18509615384615385
1 0.2848557692307692 0.09375 0.2403846153846154 0.18389423076923078
1 0.8245192307692307 0.7692307692307693 0.23557692307692307 0.20192307692307693
1 0.4951923076923077 0.4567307692307692 0.2668269230769231 0.24158653846153846
1 0.6610576923076923 0.17908653846153846 0.21394230769230768 0.22115384615384615
1 0.8786057692307693 0.5612980769230769 0.2403846153846154 0.21875
2 0.3245192307692308 0.8629807692307693 0.4375 0.2704326923076923