2 0.7091346153846154 0.4375 0.3557692307692308 0.3713942307692308
2 0.6658653846153846 0.13581730769230768 0.27403846153846156 0.2668269230769231
0 0.8918269230769231 0.25961538461538464 0.06971153846153846 0.09014423076923077
0 0.06009615384615385 0.7776442307692307 0.06971153846153846 0.09014423076923077
1 0.28725961538461536 0.5829326923076923 0.24278846153846154 0.2920673076923077
1 0.27884615384615385 0.25721153846153844 0.1971153846153846 0.2439903846153846
1 0.14182692307692307 0.1778846153846154 0.19471153846153846 0.2439903846153846
1 0.25961538461538464 0.07692307692307693 0.2091346153846154 0.1502403846153846
1 0.8052884615384616 0.8966346153846154 0.15384615384615385 0.20192307692307693
1 0.7596153846153846 0.8485576923076923 0.15384615384615385 0.23076923076923078
1 0.7175480769230769 0.8137019230769231 0.15625 0.23076923076923078
1 0.6574519230769231 0.7716346153846154 0.15625 0.23076923076923078
1 0.5901442307692307 0.7091346153846154 0.15625 0.23076923076923078
1 0.9447115384615384 0.2956730769230769 0.10576923076923077 0.23557692307692307
1 0.9711538461538461 0.1502403846153846 0.052884615384615384 0.23798076923076922
1 0.15625 0.8425480769230769 0.1346153846153846 0.21875
1 0.22596153846153846 0.8461538461538461 0.15384615384615385 0.21634615384615385
1 0.44471153846153844 0.8569711538461539 0.17307692307692307 0.21875
1 0.45072115384615385 0.28725961538461536 0.2091346153846154 0.24639423076923078