1 0.9014423076923077 0.5084134615384616 0.17067307692307693 0.21634615384615385
1 0.46274038461538464 0.6754807692307693 0.2091346153846154 0.19591346153846154
1 0.1658653846153846 0.5048076923076923 0.21634615384615385 0.1935096153846154
1 0.20192307692307693 0.7403846153846154 0.21634615384615385 0.21875
1 0.27403846153846156 0.2800480769230769 0.21634615384615385 0.21875
1 0.6862980769230769 0.2127403846153846 0.18269230769230768 0.19110576923076922
1 0.7572115384615384 0.9026442307692307 0.18269230769230768 0.18990384615384615
1 0.38461538461538464 0.8581730769230769 0.18269230769230768 0.19110576923076922
1 0.4795673076923077 0.12740384615384615 0.18269230769230768 0.19110576923076922
1 0.4423076923076923 0.6165865384615384 0.2091346153846154 0.19591346153846154
1 0.8737980769230769 0.5336538461538461 0.17067307692307693 0.21634615384615385
2 0.6201923076923077 0.5144230769230769 0.4855769230769231 0.4411057692307692
0 0.8401442307692307 0.7944711538461539 0.08413461538461539 0.09375