1 0.05048076923076923 0.24158653846153846 0.10096153846153846 0.19951923076923078
1 0.05889423076923077 0.4651442307692308 0.11778846153846154 0.2764423076923077
1 0.625 0.6262019230769231 0.27163461538461536 0.23557692307692307
1 0.6418269230769231 0.3713942307692308 0.22355769230769232 0.2247596153846154
1 0.25600961538461536 0.2692307692307692 0.21875 0.2439903846153846
1 0.8858173076923077 0.5012019230769231 0.22355769230769232 0.23317307692307693
1 0.7355769230769231 0.9098557692307693 0.2283653846153846 0.17668269230769232
1 0.31009615384615385 0.7223557692307693 0.29086538461538464 0.20432692307692307
1 0.19951923076923078 0.5540865384615384 0.2764423076923077 0.2704326923076923
1 0.42908653846153844 0.24639423076923078 0.2764423076923077 0.21033653846153846
1 0.53125 0.9182692307692307 0.27163461538461536 0.15865384615384615
0 0.18269230769230768 0.08173076923076923 0.08653846153846154 0.09375
0 0.5853365384615384 0.828125 0.08173076923076923 0.08533653846153846
2 0.8509615384615384 0.8269230769230769 0.2932692307692308 0.3173076923076923