2 0.7067307692307693 0.2776442307692308 0.4519230769230769 0.3870192307692308
1 0.4879807692307692 0.3004807692307692 0.22355769230769232 0.2127403846153846
1 0.3701923076923077 0.3954326923076923 0.19230769230769232 0.18389423076923078
1 0.1141826923076923 0.5336538461538461 0.2283653846153846 0.19110576923076922
1 0.19471153846153846 0.6430288461538461 0.28365384615384615 0.25240384615384615
1 0.23317307692307693 0.15504807692307693 0.2091346153846154 0.25600961538461536
1 0.4026442307692308 0.09254807692307693 0.21394230769230768 0.1814903846153846
1 0.9459134615384616 0.38221153846153844 0.10336538461538461 0.2403846153846154
1 0.8257211538461539 0.5408653846153846 0.23076923076923078 0.23918269230769232
1 0.3605769230769231 0.6887019230769231 0.2283653846153846 0.1935096153846154
1 0.22596153846153846 0.8341346153846154 0.24759615384615385 0.21033653846153846
1 0.8257211538461539 0.8137019230769231 0.17548076923076922 0.1814903846153846
1 0.6814903846153846 0.9110576923076923 0.28125 0.17307692307692307
1 0.04326923076923077 0.8978365384615384 0.08653846153846154 0.19471153846153846
1 0.9026442307692307 0.28846153846153844 0.18990384615384615 0.30288461538461536
1 0.5252403846153846 0.6466346153846154 0.25 0.23918269230769232
0 0.4182692307692308 0.5901442307692307 0.07451923076923077 0.06490384615384616