1 0.10576923076923077 0.8233173076923077 0.21153846153846154 0.18990384615384615
1 0.25600961538461536 0.7824519230769231 0.21875 0.20673076923076922
1 0.46153846153846156 0.4326923076923077 0.21875 0.20673076923076922
1 0.1971153846153846 0.4098557692307692 0.1971153846153846 0.18509615384615385
1 0.0733173076923077 0.5649038461538461 0.1466346153846154 0.25
1 0.26802884615384615 0.5348557692307693 0.22115384615384615 0.24158653846153846
1 0.9074519230769231 0.16947115384615385 0.18028846153846154 0.2091346153846154
1 0.6850961538461539 0.8990384615384616 0.20673076923076922 0.19831730769230768
1 0.5985576923076923 0.15504807692307693 0.2403846153846154 0.22235576923076922
1 0.33052884615384615 0.15865384615384615 0.2403846153846154 0.2668269230769231
2 0.671875 0.6394230769230769 0.4495192307692308 0.4579326923076923
0 0.4014423076923077 0.6838942307692307 0.06971153846153846 0.06490384615384616