1 0.8701923076923077 0.6286057692307693 0.1875 0.21875
1 0.7403846153846154 0.1310096153846154 0.25240384615384615 0.22956730769230768
1 0.5901442307692307 0.7055288461538461 0.21634615384615385 0.23076923076923078
1 0.6298076923076923 0.9146634615384616 0.1875 0.16706730769230768
1 0.2403846153846154 0.1346153846153846 0.22355769230769232 0.21514423076923078
1 0.3894230769230769 0.2692307692307692 0.19951923076923078 0.18389423076923078
1 0.49399038461538464 0.5733173076923077 0.25240384615384615 0.20793269230769232
1 0.4014423076923077 0.7151442307692307 0.25240384615384615 0.20793269230769232
1 0.7872596153846154 0.49158653846153844 0.2403846153846154 0.23798076923076922
1 0.6947115384615384 0.44591346153846156 0.2403846153846154 0.23798076923076922
1 0.84375 0.11658653846153846 0.23557692307692307 0.22956730769230768
1 0.2644230769230769 0.8245192307692307 0.22115384615384615 0.14543269230769232
1 0.9507211538461539 0.3245192307692308 0.09375 0.1875
2 0.20673076923076922 0.6658653846153846 0.41346153846153844 0.4807692307692308