1 0.20552884615384615 0.27524038461538464 0.13942307692307693 0.19951923076923078
1 0.5588942307692307 0.5180288461538461 0.18269230769230768 0.21514423076923078
1 0.9314903846153846 0.4254807692307692 0.1346153846153846 0.19591346153846154
1 0.8762019230769231 0.5973557692307693 0.1622596153846154 0.21514423076923078
1 0.8629807692307693 0.8942307692307693 0.1658653846153846 0.20793269230769232
1 0.7908653846153846 0.765625 0.1658653846153846 0.21033653846153846
1 0.9158653846153846 0.7728365384615384 0.16346153846153846 0.2127403846153846
1 0.7283653846153846 0.3942307692307692 0.18269230769230768 0.21514423076923078
1 0.5841346153846154 0.1141826923076923 0.13942307692307693 0.19591346153846154
1 0.8401442307692307 0.08653846153846154 0.1466346153846154 0.16826923076923078
1 0.7079326923076923 0.08653846153846154 0.1466346153846154 0.16826923076923078
1 0.0829326923076923 0.08653846153846154 0.1466346153846154 0.16826923076923078
1 0.30288461538461536 0.8413461538461539 0.12980769230769232 0.22115384615384615
2 0.10576923076923077 0.8293269230769231 0.1935096153846154 0.3004807692307692
0 0.5540865384615384 0.8858173076923077 0.0733173076923077 0.0829326923076923