2 0.5048076923076923 0.1346153846153846 0.3245192307692308 0.2644230769230769
1 0.16466346153846154 0.3076923076923077 0.20673076923076922 0.2439903846153846
1 0.453125 0.359375 0.20673076923076922 0.2439903846153846
1 0.3942307692307692 0.5144230769230769 0.18509615384615385 0.2956730769230769
1 0.2512019230769231 0.5216346153846154 0.19230769230769232 0.23076923076923078
1 0.6442307692307693 0.359375 0.19230769230769232 0.23076923076923078
1 0.7007211538461539 0.6370192307692307 0.19230769230769232 0.23076923076923078
1 0.6778846153846154 0.8689903846153846 0.21153846153846154 0.25
1 0.20793269230769232 0.7680288461538461 0.23557692307692307 0.24759615384615385
1 0.7451923076923077 0.10216346153846154 0.21634615384615385 0.19951923076923078
1 0.9242788461538461 0.4098557692307692 0.12259615384615384 0.21875
1 0.9603365384615384 0.6694711538461539 0.07451923076923077 0.29086538461538464
1 0.9146634615384616 0.7836538461538461 0.1658653846153846 0.21634615384615385
1 0.8088942307692307 0.8245192307692307 0.23798076923076922 0.25600961538461536
1 0.12379807692307693 0.6021634615384616 0.16826923076923078 0.22956730769230768
1 0.8461538461538461 0.5300480769230769 0.20673076923076922 0.2439903846153846