1 0.11057692307692307 0.8401442307692307 0.1875 0.20432692307692307
1 0.15384615384615385 0.6298076923076923 0.21634615384615385 0.28966346153846156
1 0.14783653846153846 0.45913461538461536 0.18509615384615385 0.1935096153846154
1 0.2692307692307692 0.4855769230769231 0.11057692307692307 0.2704326923076923
1 0.08052884615384616 0.0829326923076923 0.1346153846153846 0.1622596153846154
1 0.47475961538461536 0.21153846153846154 0.16826923076923078 0.23076923076923078
1 0.6490384615384616 0.1201923076923077 0.14182692307692307 0.17668269230769232
1 0.3401442307692308 0.3076923076923077 0.1778846153846154 0.1814903846153846
1 0.39903846153846156 0.5649038461538461 0.19471153846153846 0.18389423076923078
1 0.35216346153846156 0.78125 0.1875 0.23798076923076922
1 0.46274038461538464 0.7848557692307693 0.1875 0.23798076923076922
1 0.6586538461538461 0.7596153846153846 0.1875 0.2644230769230769
1 0.19471153846153846 0.2247596153846154 0.125 0.27524038461538464
1 0.08052884615384616 0.27884615384615385 0.16105769230769232 0.19230769230769232
1 0.2644230769230769 0.12139423076923077 0.15865384615384615 0.22956730769230768
1 0.9230769230769231 0.49158653846153844 0.14903846153846154 0.29086538461538464
1 0.828125 0.9362980769230769 0.1971153846153846 0.12259615384615384
0 0.7620192307692307 0.7704326923076923 0.06490384615384616 0.09615384615384616
2 0.6586538461538461 0.47596153846153844 0.375 0.4182692307692308