1 0.5649038461538461 0.6802884615384616 0.1875 0.21875
1 0.7259615384615384 0.6153846153846154 0.1658653846153846 0.21514423076923078
1 0.5540865384615384 0.4338942307692308 0.1658653846153846 0.21514423076923078
1 0.7920673076923077 0.3894230769230769 0.19230769230769232 0.2247596153846154
1 0.13942307692307693 0.31490384615384615 0.19230769230769232 0.2247596153846154
1 0.7391826923076923 0.11899038461538461 0.19230769230769232 0.2247596153846154
1 0.30649038461538464 0.328125 0.22115384615384615 0.23557692307692307
1 0.390625 0.375 0.27884615384615385 0.18389423076923078
1 0.3125 0.6213942307692307 0.24759615384615385 0.20793269230769232
1 0.16947115384615385 0.7067307692307693 0.1971153846153846 0.22115384615384615
1 0.12139423076923077 0.9134615384615384 0.1778846153846154 0.16826923076923078
2 0.7704326923076923 0.8533653846153846 0.3317307692307692 0.28966346153846156