2 0.6923076923076923 0.5324519230769231 0.25961538461538464 0.2644230769230769
1 0.8389423076923077 0.22235576923076922 0.13701923076923078 0.2704326923076923
1 0.5528846153846154 0.6850961538461539 0.14903846153846154 0.19951923076923078
1 0.36658653846153844 0.7584134615384616 0.14903846153846154 0.19951923076923078
1 0.07451923076923077 0.5204326923076923 0.14903846153846154 0.2620192307692308
1 0.07932692307692307 0.3004807692307692 0.14903846153846154 0.2644230769230769
1 0.07091346153846154 0.10697115384615384 0.12259615384615384 0.21033653846153846
1 0.6887019230769231 0.0889423076923077 0.17548076923076922 0.17307692307692307
1 0.5060096153846154 0.08173076923076923 0.23557692307692307 0.15865384615384615
1 0.44350961538461536 0.39783653846153844 0.17548076923076922 0.17548076923076922
1 0.7127403846153846 0.8882211538461539 0.2620192307692308 0.20673076923076922
0 0.33653846153846156 0.4098557692307692 0.07932692307692307 0.07451923076923077
0 0.9735576923076923 0.6286057692307693 0.04567307692307692 0.08173076923076923
1 0.21995192307692307 0.5961538461538461 0.1778846153846154 0.2668269230769231
1 0.2776442307692308 0.8209134615384616 0.14903846153846154 0.19951923076923078
1 0.1875 0.8990384615384616 0.16105769230769232 0.19831730769230768