2 0.6923076923076923 0.3076923076923077 0.28125 0.37740384615384615
1 0.5889423076923077 0.671875 0.17548076923076922 0.21514423076923078
1 0.6526442307692307 0.6213942307692307 0.17548076923076922 0.21514423076923078
1 0.2932692307692308 0.5360576923076923 0.1466346153846154 0.21514423076923078
1 0.15144230769230768 0.671875 0.17548076923076922 0.21514423076923078
1 0.07451923076923077 0.2247596153846154 0.1466346153846154 0.23798076923076922
1 0.5192307692307693 0.11538461538461539 0.1502403846153846 0.22716346153846154
1 0.9302884615384616 0.3473557692307692 0.13581730769230768 0.19591346153846154
1 0.921875 0.6045673076923077 0.15264423076923078 0.21634615384615385
1 0.828125 0.7103365384615384 0.15625 0.21634615384615385
1 0.43028846153846156 0.8377403846153846 0.19951923076923078 0.23798076923076922
1 0.30408653846153844 0.7620192307692307 0.15144230769230768 0.2247596153846154
1 0.07692307692307693 0.38341346153846156 0.1502403846153846 0.2247596153846154
1 0.3401442307692308 0.5432692307692307 0.09735576923076923 0.2127403846153846
1 0.2668269230769231 0.9158653846153846 0.15144230769230768 0.16466346153846154
1 0.17427884615384615 0.9158653846153846 0.15144230769230768 0.16466346153846154
0 0.71875 0.7740384615384616 0.056490384615384616 0.0733173076923077
1 0.19471153846153846 0.3425480769230769 0.1466346153846154 0.21514423076923078
1 0.7524038461538461 0.9098557692307693 0.16105769230769232 0.17668269230769232
1 0.7848557692307693 0.09735576923076923 0.21153846153846154 0.18389423076923078