1 0.29447115384615385 0.7247596153846154 0.19471153846153846 0.19951923076923078
1 0.5516826923076923 0.48197115384615385 0.2548076923076923 0.21514423076923078
1 0.9314903846153846 0.5745192307692307 0.13221153846153846 0.1971153846153846
1 0.8377403846153846 0.4026442307692308 0.22596153846153846 0.21514423076923078
1 0.7043269230769231 0.10576923076923077 0.23317307692307693 0.20793269230769232
1 0.6850961538461539 0.234375 0.23317307692307693 0.21033653846153846
1 0.8076923076923077 0.22716346153846154 0.2283653846153846 0.2127403846153846
1 0.7716346153846154 0.6057692307692307 0.2548076923076923 0.21514423076923078
1 0.7379807692307693 0.8858173076923077 0.19471153846153846 0.19591346153846154
1 0.9507211538461539 0.9146634615384616 0.09375 0.17067307692307693
1 0.8737980769230769 0.9134615384615384 0.20432692307692307 0.16826923076923078
1 0.24879807692307693 0.9134615384615384 0.20432692307692307 0.16826923076923078
1 0.1658653846153846 0.15865384615384615 0.18269230769230768 0.22115384615384615
2 0.055288461538461536 0.17067307692307693 0.11057692307692307 0.30288461538461536
0 0.40024038461538464 0.1141826923076923 0.10336538461538461 0.0829326923076923