1 0.7524038461538461 0.11298076923076923 0.2283653846153846 0.22115384615384615
1 0.6129807692307693 0.2548076923076923 0.2283653846153846 0.22235576923076922
1 0.9567307692307693 0.7908653846153846 0.08173076923076923 0.21153846153846154
1 0.5216346153846154 0.5 0.21394230769230768 0.21634615384615385
1 0.26802884615384615 0.2620192307692308 0.21394230769230768 0.21634615384615385
1 0.07572115384615384 0.38221153846153844 0.15144230769230768 0.22115384615384615
1 0.17548076923076922 0.5853365384615384 0.21394230769230768 0.21634615384615385
1 0.3088942307692308 0.5661057692307693 0.18269230769230768 0.17548076923076922
1 0.3870192307692308 0.9314903846153846 0.18509615384615385 0.13341346153846154
1 0.8413461538461539 0.32091346153846156 0.21394230769230768 0.21634615384615385
1 0.8353365384615384 0.609375 0.19951923076923078 0.25240384615384615
2 0.7956730769230769 0.8485576923076923 0.28125 0.2644230769230769