1 0.7295673076923077 0.6742788461538461 0.20432692307692307 0.22235576923076922
1 0.8930288461538461 0.3786057692307692 0.20432692307692307 0.22235576923076922
1 0.5036057692307693 0.19230769230769232 0.20432692307692307 0.22235576923076922
1 0.34134615384615385 0.2692307692307692 0.18269230769230768 0.20793269230769232
1 0.20673076923076922 0.1935096153846154 0.18269230769230768 0.20793269230769232
1 0.14783653846153846 0.37259615384615385 0.18269230769230768 0.2127403846153846
1 0.6995192307692307 0.09735576923076923 0.17548076923076922 0.19110576923076922
1 0.5432692307692307 0.4375 0.20432692307692307 0.1875
1 0.06370192307692307 0.18509615384615385 0.12740384615384615 0.20192307692307693
1 0.42427884615384615 0.5060096153846154 0.1875 0.19591346153846154
1 0.5997596153846154 0.5745192307692307 0.1875 0.22115384615384615
1 0.6694711538461539 0.8088942307692307 0.16346153846153846 0.20793269230769232
1 0.2127403846153846 0.5432692307692307 0.2283653846153846 0.14182692307692307
2 0.33052884615384615 0.7512019230769231 0.2668269230769231 0.2980769230769231
0 0.5841346153846154 0.8954326923076923 0.0625 0.07091346153846154
0 0.15144230769230768 0.7572115384615384 0.052884615384615384 0.06009615384615385