1 0.5420673076923077 0.7776442307692307 0.20432692307692307 0.23317307692307693
1 0.31490384615384615 0.8305288461538461 0.25721153846153844 0.23076923076923078
1 0.44350961538461536 0.21514423076923078 0.2091346153846154 0.1935096153846154
1 0.8641826923076923 0.09254807692307693 0.1466346153846154 0.1814903846153846
1 0.6935096153846154 0.12139423076923077 0.1971153846153846 0.23798076923076922
1 0.9098557692307693 0.38100961538461536 0.15865384615384615 0.28365384615384615
1 0.8004807692307693 0.7007211538461539 0.16105769230769232 0.28125
1 0.6634615384615384 0.4014423076923077 0.16105769230769232 0.28125
1 0.0829326923076923 0.28365384615384615 0.1658653846153846 0.2692307692307692
1 0.921875 0.6983173076923077 0.15144230769230768 0.23798076923076922
2 0.21153846153846154 0.16105769230769232 0.25 0.27283653846153844
0 0.5012019230769231 0.3329326923076923 0.08413461538461539 0.0829326923076923
0 0.5865384615384616 0.4891826923076923 0.08413461538461539 0.0829326923076923
1 0.21033653846153846 0.5769230769230769 0.20432692307692307 0.23317307692307693