1 0.18870192307692307 0.38221153846153844 0.17067307692307693 0.1935096153846154
1 0.33413461538461536 0.28365384615384615 0.14903846153846154 0.19591346153846154
1 0.46153846153846156 0.2776442307692308 0.1658653846153846 0.22115384615384615
1 0.7427884615384616 0.28725961538461536 0.18269230769230768 0.20793269230769232
1 0.8798076923076923 0.31009615384615385 0.18269230769230768 0.24158653846153846
1 0.11057692307692307 0.10817307692307693 0.17067307692307693 0.1875
1 0.25600961538461536 0.6394230769230769 0.1875 0.25
1 0.09615384615384616 0.6730769230769231 0.17067307692307693 0.1875
1 0.5985576923076923 0.4795673076923077 0.17548076923076922 0.2127403846153846
1 0.7572115384615384 0.5757211538461539 0.17307692307692307 0.1814903846153846
1 0.9266826923076923 0.8317307692307693 0.14182692307692307 0.18269230769230768
1 0.18028846153846154 0.8713942307692307 0.1875 0.21033653846153846
0 0.5853365384615384 0.0673076923076923 0.07451923076923077 0.09375
2 0.5216346153846154 0.8245192307692307 0.3557692307692308 0.34615384615384615
0 0.15384615384615385 0.9639423076923077 0.0673076923076923 0.06850961538461539