1 0.23317307692307693 0.22355769230769232 0.20192307692307693 0.21033653846153846
1 0.4206730769230769 0.234375 0.14903846153846154 0.21033653846153846
1 0.5805288461538461 0.9170673076923077 0.17307692307692307 0.1622596153846154
1 0.5564903846153846 0.5 0.16346153846153846 0.22115384615384615
1 0.5360576923076923 0.21153846153846154 0.13701923076923078 0.18990384615384615
1 0.18629807692307693 0.6478365384615384 0.18028846153846154 0.23317307692307693
1 0.2776442307692308 0.8293269230769231 0.16826923076923078 0.17908653846153846
1 0.14783653846153846 0.9182692307692307 0.18028846153846154 0.15865384615384615
1 0.37259615384615385 0.9459134615384616 0.18028846153846154 0.1045673076923077
1 0.46634615384615385 0.6995192307692307 0.16826923076923078 0.17908653846153846
1 0.3713942307692308 0.6442307692307693 0.17307692307692307 0.21514423076923078
1 0.9447115384615384 0.8990384615384616 0.10576923076923077 0.20192307692307693
1 0.9555288461538461 0.6670673076923077 0.08413461538461539 0.24278846153846154
2 0.7668269230769231 0.7644230769230769 0.40384615384615385 0.4170673076923077
0 0.23798076923076922 0.3473557692307692 0.07451923076923077 0.08173076923076923
0 0.06850961538461539 0.5709134615384616 0.0889423076923077 0.0829326923076923