1 0.5540865384615384 0.23798076923076922 0.2403846153846154 0.23317307692307693
1 0.31971153846153844 0.5144230769230769 0.2403846153846154 0.17548076923076922
1 0.3233173076923077 0.16346153846153846 0.21875 0.1935096153846154
1 0.11177884615384616 0.5612980769230769 0.21394230769230768 0.22716346153846154
1 0.21153846153846154 0.27283653846153844 0.20673076923076922 0.19110576923076922
1 0.40625 0.07091346153846154 0.19230769230769232 0.13701923076923078
1 0.9302884615384616 0.16466346153846154 0.1346153846153846 0.20432692307692307
1 0.5576923076923077 0.6550480769230769 0.20432692307692307 0.19831730769230768
1 0.0733173076923077 0.8870192307692307 0.1466346153846154 0.20192307692307693
1 0.27884615384615385 0.7067307692307693 0.2403846153846154 0.1935096153846154
1 0.7596153846153846 0.8762019230769231 0.20432692307692307 0.19831730769230768
1 0.7091346153846154 0.6935096153846154 0.21153846153846154 0.1875
1 0.44350961538461536 0.8882211538461539 0.21153846153846154 0.20673076923076922
1 0.2776442307692308 0.9170673076923077 0.22115384615384615 0.1622596153846154
1 0.6057692307692307 0.8954326923076923 0.19471153846153846 0.20432692307692307
1 0.9026442307692307 0.5 0.18990384615384615 0.1875
2 0.7307692307692307 0.3269230769230769 0.3629807692307692 0.3870192307692308