1 0.5745192307692307 0.46634615384615385 0.1971153846153846 0.20793269230769232
1 0.4098557692307692 0.140625 0.23557692307692307 0.21514423076923078
1 0.1971153846153846 0.19951923076923078 0.1778846153846154 0.18509615384615385
1 0.8629807692307693 0.7019230769230769 0.18990384615384615 0.19110576923076922
1 0.734375 0.5564903846153846 0.2091346153846154 0.19951923076923078
1 0.7235576923076923 0.3473557692307692 0.2091346153846154 0.19951923076923078
1 0.703125 0.8834134615384616 0.24278846153846154 0.22956730769230768
1 0.0733173076923077 0.5348557692307693 0.1466346153846154 0.22355769230769232
1 0.5528846153846154 0.8581730769230769 0.23076923076923078 0.23798076923076922
1 0.028846153846153848 0.13701923076923078 0.057692307692307696 0.22596153846153846
2 0.28125 0.4699519230769231 0.38461538461538464 0.31850961538461536
0 0.8509615384615384 0.5600961538461539 0.07451923076923077 0.06610576923076923
0 0.10096153846153846 0.0733173076923077 0.07211538461538461 0.0829326923076923
0 0.5384615384615384 0.3293269230769231 0.07932692307692307 0.06610576923076923