1 0.3004807692307692 0.2283653846153846 0.22596153846153846 0.28125
1 0.8557692307692307 0.08774038461538461 0.25961538461538464 0.17067307692307693
1 0.6177884615384616 0.1141826923076923 0.2692307692307692 0.21634615384615385
1 0.8858173076923077 0.3762019230769231 0.22355769230769232 0.21875
1 0.27524038461538464 0.7079326923076923 0.2692307692307692 0.21634615384615385
1 0.09975961538461539 0.9014423076923077 0.19951923076923078 0.19230769230769232
1 0.41466346153846156 0.8497596153846154 0.24759615384615385 0.23798076923076922
1 0.1045673076923077 0.6598557692307693 0.2091346153846154 0.18509615384615385
1 0.44350961538461536 0.27283653846153844 0.24278846153846154 0.2247596153846154
1 0.2860576923076923 0.4807692307692308 0.32211538461538464 0.2608173076923077
1 0.6310096153846154 0.9122596153846154 0.24759615384615385 0.17067307692307693
1 0.9122596153846154 0.5324519230769231 0.17067307692307693 0.22355769230769232
2 0.5540865384615384 0.5144230769230769 0.4807692307692308 0.4338942307692308
0 0.3293269230769231 0.07091346153846154 0.08413461538461539 0.07932692307692307