1 0.7920673076923077 0.5805288461538461 0.20192307692307693 0.19831730769230768
1 0.9206730769230769 0.578125 0.1346153846153846 0.23918269230769232
1 0.5600961538461539 0.5516826923076923 0.2644230769230769 0.22956730769230768
1 0.34375 0.18389423076923078 0.21875 0.1875
1 0.20072115384615385 0.14543269230769232 0.21634615384615385 0.2247596153846154
1 0.24639423076923078 0.4266826923076923 0.21634615384615385 0.2247596153846154
1 0.0889423076923077 0.6850961538461539 0.1778846153846154 0.2403846153846154
1 0.09495192307692307 0.8810096153846154 0.18990384615384615 0.2283653846153846
1 0.33653846153846156 0.5877403846153846 0.21634615384615385 0.2247596153846154
1 0.7524038461538461 0.19591346153846154 0.22355769230769232 0.28725961538461536
1 0.8942307692307693 0.26322115384615385 0.20673076923076922 0.21875
1 0.8125 0.47475961538461536 0.21394230769230768 0.21634615384615385
1 0.5973557692307693 0.8677884615384616 0.15865384615384615 0.18990384615384615
1 0.3329326923076923 0.8040865384615384 0.19471153846153846 0.19591346153846154
1 0.21153846153846154 0.9411057692307693 0.2283653846153846 0.1141826923076923
1 0.7836538461538461 0.7668269230769231 0.19471153846153846 0.19591346153846154
1 0.9026442307692307 0.1310096153846154 0.18990384615384615 0.19471153846153846
2 0.5673076923076923 0.1346153846153846 0.4495192307692308 0.2644230769230769