1 0.8076923076923077 0.7776442307692307 0.2091346153846154 0.20432692307692307
1 0.84375 0.6454326923076923 0.2091346153846154 0.20432692307692307
1 0.6057692307692307 0.9254807692307693 0.21634615384615385 0.14543269230769232
1 0.625 0.8365384615384616 0.21634615384615385 0.14783653846153846
1 0.7223557692307693 0.171875 0.2091346153846154 0.1935096153846154
1 0.10096153846153846 0.46634615384615385 0.20192307692307693 0.21153846153846154
1 0.3449519230769231 0.7391826923076923 0.2091346153846154 0.20793269230769232
1 0.8521634615384616 0.421875 0.20192307692307693 0.23076923076923078
1 0.1658653846153846 0.8353365384615384 0.20673076923076922 0.28365384615384615
2 0.3737980769230769 0.2548076923076923 0.4206730769230769 0.39783653846153844
0 0.53125 0.6838942307692307 0.07692307692307693 0.08173076923076923
0 0.6586538461538461 0.5817307692307693 0.07692307692307693 0.08173076923076923