1 0.5024038461538461 0.24639423076923078 0.24278846153846154 0.2127403846153846
1 0.23317307692307693 0.28365384615384615 0.24278846153846154 0.2127403846153846
1 0.2127403846153846 0.40865384615384615 0.24278846153846154 0.2127403846153846
1 0.22355769230769232 0.6298076923076923 0.24278846153846154 0.17668269230769232
1 0.6286057692307693 0.5120192307692307 0.18990384615384615 0.21875
1 0.7608173076923077 0.6009615384615384 0.18990384615384615 0.21875
1 0.9302884615384616 0.2091346153846154 0.1346153846153846 0.22115384615384615
1 0.4519230769230769 0.9122596153846154 0.20673076923076922 0.17067307692307693
1 0.65625 0.3076923076923077 0.20192307692307693 0.18990384615384615
1 0.42427884615384615 0.6862980769230769 0.21153846153846154 0.21033653846153846
1 0.03125 0.8076923076923077 0.0625 0.2403846153846154
1 0.8173076923076923 0.8557692307692307 0.21875 0.21634615384615385
2 0.20793269230769232 0.8485576923076923 0.41586538461538464 0.30288461538461536