1 0.04326923076923077 0.6826923076923077 0.08653846153846154 0.21634615384615385
1 0.31490384615384615 0.8473557692307693 0.2403846153846154 0.21514423076923078
1 0.21995192307692307 0.5721153846153846 0.18269230769230768 0.21875
1 0.8894230769230769 0.4891826923076923 0.1971153846153846 0.24158653846153846
1 0.5504807692307693 0.9182692307692307 0.18028846153846154 0.15985576923076922
1 0.11177884615384616 0.9146634615384616 0.20432692307692307 0.16706730769230768
1 0.15144230769230768 0.10817307692307693 0.17067307692307693 0.2127403846153846
1 0.7139423076923077 0.5048076923076923 0.19471153846153846 0.21514423076923078
1 0.3713942307692308 0.6165865384615384 0.2403846153846154 0.2247596153846154
1 0.5084134615384616 0.7620192307692307 0.21875 0.21514423076923078
1 0.23197115384615385 0.41586538461538464 0.14903846153846154 0.15264423076923078
2 0.5360576923076923 0.33653846153846156 0.4326923076923077 0.46033653846153844