1 0.17067307692307693 0.8137019230769231 0.18509615384615385 0.20192307692307693
1 0.1935096153846154 0.46153846153846156 0.18509615384615385 0.20192307692307693
1 0.8509615384615384 0.8978365384615384 0.18269230769230768 0.19951923076923078
1 0.8930288461538461 0.6286057692307693 0.18509615384615385 0.20192307692307693
1 0.8521634615384616 0.3425480769230769 0.18509615384615385 0.20192307692307693
1 0.43028846153846156 0.22235576923076922 0.2091346153846154 0.20673076923076922
1 0.10576923076923077 0.4254807692307692 0.20432692307692307 0.2668269230769231
1 0.5408653846153846 0.37740384615384615 0.19230769230769232 0.17548076923076922
1 0.37259615384615385 0.6418269230769231 0.18509615384615385 0.1875
1 0.4411057692307692 0.09615384615384616 0.1875 0.1875
0 0.75 0.06610576923076923 0.08173076923076923 0.09014423076923077
0 0.1778846153846154 0.16346153846153846 0.06490384615384616 0.06490384615384616
0 0.8521634615384616 0.4807692307692308 0.07211538461538461 0.07932692307692307
0 0.7463942307692307 0.8605769230769231 0.08173076923076923 0.07451923076923077
0 0.48197115384615385 0.9723557692307693 0.06971153846153846 0.051682692307692304
2 0.6394230769230769 0.6754807692307693 0.43509615384615385 0.46033653846153844