1 0.08774038461538461 0.7836538461538461 0.17548076923076922 0.2692307692307692
1 0.5036057692307693 0.8786057692307693 0.21153846153846154 0.23798076923076922
1 0.8497596153846154 0.6286057692307693 0.21875 0.23918269230769232
1 0.8533653846153846 0.4254807692307692 0.23317307692307693 0.22115384615384615
1 0.9627403846153846 0.18629807692307693 0.06971153846153846 0.2668269230769231
1 0.8653846153846154 0.18990384615384615 0.17067307692307693 0.24158653846153846
1 0.7091346153846154 0.11177884615384616 0.23317307692307693 0.21875
1 0.6814903846153846 0.3137019230769231 0.21634615384615385 0.1935096153846154
1 0.47115384615384615 0.27403846153846156 0.21634615384615385 0.1935096153846154
1 0.6610576923076923 0.5300480769230769 0.1778846153846154 0.20673076923076922
1 0.7367788461538461 0.9098557692307693 0.18509615384615385 0.17548076923076922
1 0.3016826923076923 0.9242788461538461 0.1875 0.14783653846153846
1 0.27403846153846156 0.7584134615384616 0.20432692307692307 0.19591346153846154
1 0.12980769230769232 0.3425480769230769 0.23557692307692307 0.23076923076923078
2 0.47596153846153844 0.5709134615384616 0.3870192307692308 0.47475961538461536