1 0.5841346153846154 0.1201923076923077 0.1778846153846154 0.17668269230769232
1 0.4326923076923077 0.15745192307692307 0.16346153846153846 0.23076923076923078
1 0.5709134615384616 0.5817307692307693 0.13942307692307693 0.19951923076923078
1 0.8425480769230769 0.4254807692307692 0.17548076923076922 0.2536057692307692
1 0.5252403846153846 0.9230769230769231 0.14182692307692307 0.1502403846153846
1 0.4170673076923077 0.9230769230769231 0.14182692307692307 0.1502403846153846
1 0.9362980769230769 0.75 0.12259615384615384 0.23557692307692307
1 0.7608173076923077 0.6995192307692307 0.19230769230769232 0.21875
1 0.18629807692307693 0.09014423076923077 0.1778846153846154 0.17548076923076922
1 0.109375 0.12139423076923077 0.1466346153846154 0.1935096153846154
2 0.3293269230769231 0.40865384615384615 0.19951923076923078 0.25841346153846156
0 0.9555288461538461 0.2620192307692308 0.052884615384615384 0.08533653846153846
0 0.9747596153846154 0.3641826923076923 0.03365384615384615 0.08774038461538461
0 0.8762019230769231 0.8365384615384616 0.052884615384615384 0.08533653846153846