1 0.06009615384615385 0.6646634615384616 0.1201923076923077 0.24759615384615385
1 0.23197115384615385 0.3473557692307692 0.2091346153846154 0.25841346153846156
1 0.5889423076923077 0.5552884615384616 0.17067307692307693 0.21514423076923078
1 0.3894230769230769 0.6009615384615384 0.21634615384615385 0.17307692307692307
1 0.4879807692307692 0.7536057692307693 0.23317307692307693 0.21033653846153846
1 0.28125 0.8305288461538461 0.23317307692307693 0.21033653846153846
1 0.7103365384615384 0.11298076923076923 0.18269230769230768 0.20192307692307693
1 0.78125 0.26802884615384615 0.24278846153846154 0.17668269230769232
1 0.7043269230769231 0.8882211538461539 0.21634615384615385 0.21875
1 0.7451923076923077 0.6466346153846154 0.24278846153846154 0.21514423076923078
1 0.07932692307692307 0.890625 0.15865384615384615 0.21394230769230768
1 0.40865384615384615 0.12139423076923077 0.18269230769230768 0.20192307692307693
1 0.8918269230769231 0.4074519230769231 0.18269230769230768 0.20192307692307693
1 0.9074519230769231 0.0829326923076923 0.18028846153846154 0.16105769230769232
2 0.49278846153846156 0.32211538461538464 0.3942307692307692 0.46033653846153844