1 0.18629807692307693 0.6622596153846154 0.1778846153846154 0.19591346153846154
1 0.15264423076923078 0.8064903846153846 0.1778846153846154 0.19591346153846154
1 0.5192307692307693 0.8834134615384616 0.1875 0.22956730769230768
1 0.43990384615384615 0.7800480769230769 0.18509615384615385 0.23076923076923078
1 0.6875 0.47115384615384615 0.15384615384615385 0.22115384615384615
1 0.6550480769230769 0.2403846153846154 0.1971153846153846 0.2644230769230769
1 0.8533653846153846 0.38221153846153844 0.18990384615384615 0.21875
1 0.078125 0.4651442307692308 0.15625 0.21875
1 0.8052884615384616 0.7355769230769231 0.20432692307692307 0.20793269230769232
1 0.1935096153846154 0.22235576923076922 0.20673076923076922 0.20793269230769232
1 0.40625 0.10817307692307693 0.20673076923076922 0.20793269230769232
1 0.8485576923076923 0.14423076923076922 0.17307692307692307 0.18389423076923078
1 0.9603365384615384 0.15865384615384615 0.07451923076923077 0.1875
1 0.5084134615384616 0.6081730769230769 0.19951923076923078 0.18389423076923078
1 0.9411057692307693 0.3918269230769231 0.11298076923076923 0.21153846153846154
1 0.7608173076923077 0.5697115384615384 0.1466346153846154 0.18990384615384615
2 0.38221153846153844 0.39302884615384615 0.5456730769230769 0.40625