1 0.17307692307692307 0.6286057692307693 0.18990384615384615 0.24759615384615385
1 0.0985576923076923 0.2403846153846154 0.18990384615384615 0.24759615384615385
1 0.3485576923076923 0.6754807692307693 0.18990384615384615 0.24759615384615385
1 0.8533653846153846 0.7692307692307693 0.21634615384615385 0.2439903846153846
1 0.37259615384615385 0.4110576923076923 0.20192307692307693 0.23076923076923078
1 0.33533653846153844 0.21514423076923078 0.2091346153846154 0.18389423076923078
1 0.9134615384615384 0.5925480769230769 0.16826923076923078 0.19471153846153846
1 0.5288461538461539 0.8918269230769231 0.22115384615384615 0.2127403846153846
1 0.3870192307692308 0.9098557692307693 0.19471153846153846 0.17668269230769232
1 0.5817307692307693 0.36778846153846156 0.24759615384615385 0.19831730769230768
1 0.4387019230769231 0.0889423076923077 0.21153846153846154 0.17307692307692307
2 0.6033653846153846 0.6526442307692307 0.4495192307692308 0.4254807692307692
0 0.9639423076923077 0.734375 0.0625 0.08173076923076923