1 0.13701923076923078 0.45913461538461536 0.2620192307692308 0.1935096153846154
1 0.019230769230769232 0.10096153846153846 0.038461538461538464 0.19230769230769232
1 0.11538461538461539 0.2247596153846154 0.2091346153846154 0.21634615384615385
1 0.9134615384615384 0.7764423076923077 0.16826923076923078 0.25961538461538464
1 0.7043269230769231 0.7463942307692307 0.24278846153846154 0.31009615384615385
1 0.9375 0.6021634615384616 0.1201923076923077 0.23798076923076922
1 0.8076923076923077 0.12860576923076922 0.21153846153846154 0.2536057692307692
1 0.5889423076923077 0.39663461538461536 0.2283653846153846 0.25600961538461536
1 0.5192307692307693 0.12860576923076922 0.23317307692307693 0.2536057692307692
1 0.4579326923076923 0.6129807692307693 0.28125 0.30649038461538464
2 0.3112980769230769 0.18389423076923078 0.44711538461538464 0.3641826923076923