1 0.8521634615384616 0.09134615384615384 0.23798076923076922 0.17908653846153846
1 0.9290865384615384 0.15264423076923078 0.13701923076923078 0.2091346153846154
1 0.5901442307692307 0.28846153846153844 0.27403846153846156 0.24759615384615385
1 0.5 0.07211538461538461 0.2283653846153846 0.13942307692307693
1 0.10697115384615384 0.5757211538461539 0.21394230769230768 0.23317307692307693
1 0.3918269230769231 0.8870192307692307 0.21153846153846154 0.22115384615384615
1 0.375 0.20673076923076922 0.25721153846153844 0.21634615384615385
1 0.6346153846153846 0.49759615384615385 0.25721153846153844 0.21634615384615385
1 0.7836538461538461 0.5709134615384616 0.25721153846153844 0.21634615384615385
1 0.17067307692307693 0.9290865384615384 0.2932692307692308 0.13341346153846154
2 0.3161057692307692 0.6838942307692307 0.4543269230769231 0.3954326923076923