1 0.75 0.7379807692307693 0.2764423076923077 0.23317307692307693
1 0.9483173076923077 0.7223557692307693 0.0985576923076923 0.21875
1 0.10817307692307693 0.2091346153846154 0.21634615384615385 0.21634615384615385
1 0.1935096153846154 0.2548076923076923 0.23557692307692307 0.21514423076923078
1 0.3245192307692308 0.3629807692307692 0.25721153846153844 0.2692307692307692
1 0.5709134615384616 0.4110576923076923 0.28365384615384615 0.23557692307692307
1 0.5949519230769231 0.09975961538461539 0.23557692307692307 0.19591346153846154
1 0.49399038461538464 0.21514423076923078 0.2548076923076923 0.2127403846153846
1 0.2439903846153846 0.09014423076923077 0.24278846153846154 0.17548076923076922
1 0.5456730769230769 0.6442307692307693 0.21153846153846154 0.19110576923076922
1 0.5901442307692307 0.7740384615384616 0.22596153846153846 0.18990384615384615
1 0.6358173076923077 0.8786057692307693 0.22596153846153846 0.18990384615384615
1 0.46033653846153844 0.9026442307692307 0.22596153846153846 0.18990384615384615
1 0.8930288461538461 0.734375 0.2091346153846154 0.23798076923076922
2 0.23677884615384615 0.7524038461538461 0.35336538461538464 0.3870192307692308
0 0.3269230769230769 0.6466346153846154 0.08413461538461539 0.07692307692307693
0 0.390625 0.05889423076923077 0.07451923076923077 0.09014423076923077