1 0.7415865384615384 0.7319711538461539 0.17307692307692307 0.17668269230769232
1 0.8161057692307693 0.9170673076923077 0.18028846153846154 0.1622596153846154
1 0.32211538461538464 0.4807692307692308 0.20432692307692307 0.22716346153846154
1 0.20673076923076922 0.6622596153846154 0.17067307692307693 0.18389423076923078
1 0.16346153846153846 0.078125 0.15625 0.15264423076923078
1 0.10336538461538461 0.21754807692307693 0.20673076923076922 0.2091346153846154
1 0.75 0.33774038461538464 0.18028846153846154 0.18389423076923078
1 0.4675480769230769 0.38221153846153844 0.18990384615384615 0.1935096153846154
1 0.057692307692307696 0.052884615384615384 0.11538461538461539 0.10576923076923077
1 0.056490384615384616 0.3786057692307692 0.11298076923076923 0.2091346153846154
1 0.09134615384615384 0.7223557692307693 0.09615384615384616 0.17668269230769232
1 0.18028846153846154 0.9074519230769231 0.21394230769230768 0.1814903846153846
1 0.3954326923076923 0.13701923076923078 0.24278846153846154 0.19951923076923078
2 0.6045673076923077 0.8449519230769231 0.25961538461538464 0.30649038461538464
0 0.5625 0.6610576923076923 0.08173076923076923 0.09014423076923077