1 0.6538461538461539 0.6911057692307693 0.2764423076923077 0.20793269230769232
1 0.6730769230769231 0.5588942307692307 0.23317307692307693 0.19951923076923078
1 0.2127403846153846 0.6442307692307693 0.24759615384615385 0.2127403846153846
1 0.3762019230769231 0.18028846153846154 0.2091346153846154 0.20673076923076922
1 0.43990384615384615 0.1045673076923077 0.18990384615384615 0.20432692307692307
1 0.13581730769230768 0.40384615384615385 0.22115384615384615 0.24158653846153846
1 0.6310096153846154 0.2692307692307692 0.22115384615384615 0.24158653846153846
1 0.8629807692307693 0.6622596153846154 0.20192307692307693 0.24639423076923078
1 0.8786057692307693 0.3954326923076923 0.20192307692307693 0.23798076923076922
1 0.6959134615384616 0.33774038461538464 0.20192307692307693 0.23798076923076922
1 0.4170673076923077 0.7560096153846154 0.20192307692307693 0.23798076923076922
1 0.4807692307692308 0.5108173076923077 0.24278846153846154 0.2536057692307692
2 0.5504807692307693 0.8882211538461539 0.5721153846153846 0.21875
1 0.12740384615384615 0.8966346153846154 0.1875 0.20192307692307693
1 0.2091346153846154 0.7608173076923077 0.1875 0.20432692307692307
1 0.9170673076923077 0.11298076923076923 0.16105769230769232 0.22115384615384615