1 0.08173076923076923 0.7596153846153846 0.16346153846153846 0.20192307692307693
1 0.10576923076923077 0.5552884615384616 0.21153846153846154 0.19230769230769232
1 0.2704326923076923 0.36658653846153844 0.21875 0.2127403846153846
1 0.20072115384615385 0.21875 0.22596153846153846 0.19951923076923078
1 0.40865384615384615 0.18389423076923078 0.22355769230769232 0.17548076923076922
1 0.5528846153846154 0.1814903846153846 0.23076923076923078 0.19591346153846154
1 0.7403846153846154 0.15985576923076922 0.2091346153846154 0.22956730769230768
1 0.8557692307692307 0.1778846153846154 0.19951923076923078 0.17307692307692307
1 0.8185096153846154 0.375 0.1971153846153846 0.2247596153846154
1 0.875 0.47596153846153844 0.24278846153846154 0.15985576923076922
1 0.7956730769230769 0.6514423076923077 0.24519230769230768 0.16826923076923078
1 0.5108173076923077 0.8016826923076923 0.21875 0.19951923076923078
1 0.7427884615384616 0.8774038461538461 0.22596153846153846 0.24158653846153846
1 0.31490384615384615 0.6887019230769231 0.23798076923076922 0.2776442307692308
2 0.5480769230769231 0.5096153846153846 0.44471153846153844 0.4567307692307692