1 0.6430288461538461 0.16105769230769232 0.19471153846153846 0.21033653846153846
1 0.5697115384615384 0.4326923076923077 0.1875 0.2439903846153846
1 0.5144230769230769 0.6778846153846154 0.18509615384615385 0.20673076923076922
1 0.33533653846153844 0.7307692307692307 0.20192307692307693 0.19591346153846154
1 0.21754807692307693 0.8786057692307693 0.21875 0.23317307692307693
1 0.06009615384615385 0.18389423076923078 0.1201923076923077 0.21875
1 0.7980769230769231 0.359375 0.2403846153846154 0.2644230769230769
1 0.9002403846153846 0.5060096153846154 0.19471153846153846 0.24759615384615385
1 0.23317307692307693 0.1875 0.2091346153846154 0.22956730769230768
1 0.5072115384615384 0.8413461538461539 0.2091346153846154 0.22956730769230768
1 0.8798076923076923 0.22355769230769232 0.1658653846153846 0.22716346153846154
2 0.18990384615384615 0.44591346153846156 0.3701923076923077 0.3713942307692308
0 0.7716346153846154 0.17668269230769232 0.08653846153846154 0.0829326923076923