2 0.4495192307692308 0.5769230769230769 0.23557692307692307 0.23317307692307693
0 0.6382211538461539 0.5252403846153846 0.07451923076923077 0.05889423076923077
0 0.6045673076923077 0.4230769230769231 0.07451923076923077 0.05889423076923077
0 0.9879807692307693 0.3870192307692308 0.019230769230769232 0.07211538461538461
1 0.7800480769230769 0.6538461538461539 0.2956730769230769 0.2668269230769231
1 0.7163461538461539 0.9050480769230769 0.21634615384615385 0.18509615384615385
1 0.7668269230769231 0.8545673076923077 0.21153846153846154 0.1875
1 0.5817307692307693 0.8521634615384616 0.2620192307692308 0.19110576923076922
1 0.421875 0.9026442307692307 0.25961538461538464 0.18990384615384615
1 0.40384615384615385 0.3269230769230769 0.24278846153846154 0.20793269230769232
1 0.4543269230769231 0.10576923076923077 0.20432692307692307 0.20793269230769232
1 0.6838942307692307 0.10576923076923077 0.20432692307692307 0.20793269230769232
1 0.2956730769230769 0.5276442307692307 0.23076923076923078 0.20673076923076922
1 0.0733173076923077 0.8100961538461539 0.1466346153846154 0.1875
1 0.5396634615384616 0.33052884615384615 0.23557692307692307 0.22235576923076922
1 0.6598557692307693 0.26802884615384615 0.23557692307692307 0.22235576923076922
1 0.8173076923076923 0.23197115384615385 0.24759615384615385 0.21033653846153846
1 0.33052884615384615 0.7992788461538461 0.21634615384615385 0.18990384615384615
1 0.234375 0.7487980769230769 0.21634615384615385 0.18990384615384615
1 0.07572115384615384 0.953125 0.15144230769230768 0.09375