1 0.4110576923076923 0.6370192307692307 0.2764423076923077 0.23557692307692307
1 0.5985576923076923 0.7067307692307693 0.23557692307692307 0.2608173076923077
1 0.7644230769230769 0.7463942307692307 0.22115384615384615 0.17067307692307693
1 0.8353365384615384 0.8161057692307693 0.2403846153846154 0.17668269230769232
1 0.7211538461538461 0.28725961538461536 0.17548076923076922 0.19951923076923078
1 0.0829326923076923 0.4170673076923077 0.1658653846153846 0.22355769230769232
1 0.36658653846153844 0.8617788461538461 0.2283653846153846 0.20673076923076922
1 0.12139423076923077 0.22355769230769232 0.24278846153846154 0.22115384615384615
1 0.33413461538461536 0.20192307692307693 0.20192307692307693 0.18389423076923078
1 0.3954326923076923 0.15625 0.1971153846153846 0.19591346153846154
2 0.625 0.4723557692307692 0.44471153846153844 0.4651442307692308