1 0.5324519230769231 0.7620192307692307 0.1875 0.23317307692307693
1 0.6754807692307693 0.4855769230769231 0.1875 0.17548076923076922
1 0.7896634615384616 0.8365384615384616 0.17067307692307693 0.1935096153846154
1 0.8665865384615384 0.4387019230769231 0.16826923076923078 0.22716346153846154
1 0.8629807692307693 0.7271634615384616 0.16105769230769232 0.19110576923076922
1 0.7379807692307693 0.9290865384615384 0.14903846153846154 0.13701923076923078
1 0.16466346153846154 0.8365384615384616 0.13221153846153846 0.20192307692307693
1 0.3918269230769231 0.3449519230769231 0.15865384615384615 0.19831730769230768
1 0.828125 0.11298076923076923 0.15865384615384615 0.19831730769230768
1 0.6514423076923077 0.2932692307692308 0.1875 0.1935096153846154
1 0.11538461538461539 0.12379807692307693 0.15865384615384615 0.19831730769230768
1 0.22596153846153846 0.30649038461538464 0.1658653846153846 0.1875
1 0.4266826923076923 0.11177884615384616 0.16346153846153846 0.20673076923076922
1 0.5829326923076923 0.0829326923076923 0.17307692307692307 0.1622596153846154
1 0.2620192307692308 0.1045673076923077 0.15144230769230768 0.20432692307692307
1 0.08413461538461539 0.5012019230769231 0.16826923076923078 0.18509615384615385
2 0.3269230769230769 0.6730769230769231 0.28365384615384615 0.3870192307692308