1 0.7680288461538461 0.6778846153846154 0.1778846153846154 0.1935096153846154
1 0.8161057692307693 0.3581730769230769 0.18028846153846154 0.22956730769230768
1 0.7271634615384616 0.19951923076923078 0.14903846153846154 0.21634615384615385
1 0.5841346153846154 0.5733173076923077 0.17548076923076922 0.25841346153846156
1 0.4579326923076923 0.7896634615384616 0.1658653846153846 0.20793269230769232
1 0.6322115384615384 0.8557692307692307 0.20432692307692307 0.2247596153846154
1 0.3942307692307692 0.9098557692307693 0.1875 0.17548076923076922
1 0.5913461538461539 0.17548076923076922 0.16346153846153846 0.1814903846153846
1 0.6454326923076923 0.31971153846153844 0.16346153846153846 0.1814903846153846
2 0.30288461538461536 0.40384615384615385 0.2764423076923077 0.3293269230769231
0 0.8834134615384616 0.9579326923076923 0.06971153846153846 0.07932692307692307
0 0.19110576923076922 0.5480769230769231 0.0673076923076923 0.09615384615384616