1 0.22716346153846154 0.23317307692307693 0.19230769230769232 0.2668269230769231
1 0.10817307692307693 0.5012019230769231 0.19951923076923078 0.21875
1 0.09014423076923077 0.09254807692307693 0.18028846153846154 0.18509615384615385
1 0.6911057692307693 0.4723557692307692 0.21394230769230768 0.19951923076923078
1 0.703125 0.84375 0.21634615384615385 0.23798076923076922
1 0.47596153846153844 0.8497596153846154 0.20192307692307693 0.19110576923076922
1 0.75 0.6622596153846154 0.21394230769230768 0.19951923076923078
1 0.8581730769230769 0.8774038461538461 0.21875 0.24158653846153846
1 0.47115384615384615 0.31850961538461536 0.21875 0.15384615384615385
1 0.4831730769230769 0.12139423076923077 0.12740384615384615 0.23798076923076922
1 0.078125 0.2608173076923077 0.15625 0.18990384615384615
1 0.3088942307692308 0.8317307692307693 0.18990384615384615 0.20432692307692307
1 0.9314903846153846 0.6129807692307693 0.13221153846153846 0.22115384615384615
2 0.5408653846153846 0.5973557692307693 0.43028846153846156 0.43990384615384615