1 0.4338942307692308 0.890625 0.20192307692307693 0.19831730769230768
1 0.7980769230769231 0.6947115384615384 0.20192307692307693 0.19831730769230768
1 0.3389423076923077 0.09975961538461539 0.20192307692307693 0.19591346153846154
1 0.5576923076923077 0.6442307692307693 0.2403846153846154 0.22956730769230768
1 0.6298076923076923 0.78125 0.1971153846153846 0.18389423076923078
1 0.5697115384615384 0.9074519230769231 0.2091346153846154 0.1814903846153846
1 0.3173076923076923 0.7427884615384616 0.20192307692307693 0.19831730769230768
1 0.31490384615384615 0.6189903846153846 0.18990384615384615 0.23317307692307693
1 0.8064903846153846 0.265625 0.21634615384615385 0.23918269230769232
1 0.8088942307692307 0.07451923076923077 0.20192307692307693 0.14423076923076922
1 0.6430288461538461 0.08173076923076923 0.23557692307692307 0.15865384615384615
1 0.9338942307692307 0.5432692307692307 0.12740384615384615 0.21634615384615385
1 0.18870192307692307 0.1935096153846154 0.1658653846153846 0.19591346153846154
1 0.17067307692307693 0.5456730769230769 0.18990384615384615 0.27884615384615385
0 0.4987980769230769 0.13701923076923078 0.0625 0.0829326923076923
2 0.5673076923076923 0.36658653846153844 0.38461538461538464 0.40024038461538464