1 0.12980769230769232 0.4495192307692308 0.18269230769230768 0.19951923076923078
1 0.078125 0.17548076923076922 0.15625 0.20673076923076922
1 0.14783653846153846 0.8377403846153846 0.1875 0.20793269230769232
1 0.27403846153846156 0.7668269230769231 0.1875 0.20793269230769232
1 0.34375 0.6262019230769231 0.19230769230769232 0.25240384615384615
1 0.484375 0.8197115384615384 0.16105769230769232 0.19831730769230768
1 0.6418269230769231 0.7019230769230769 0.17067307692307693 0.1875
1 0.5925480769230769 0.23557692307692307 0.20432692307692307 0.22956730769230768
1 0.34134615384615385 0.10576923076923077 0.21634615384615385 0.20793269230769232
1 0.33533653846153844 0.32572115384615385 0.18269230769230768 0.1935096153846154
1 0.3798076923076923 0.39783653846153844 0.14903846153846154 0.1622596153846154
1 0.6947115384615384 0.08052884615384616 0.25 0.15625
1 0.90625 0.5432692307692307 0.18269230769230768 0.16826923076923078
1 0.7896634615384616 0.3401442307692308 0.13942307692307693 0.17307692307692307
1 0.8605769230769231 0.3076923076923077 0.15865384615384615 0.22235576923076922
2 0.8725961538461539 0.796875 0.25 0.3870192307692308
0 0.7043269230769231 0.5552884615384616 0.11538461538461539 0.15264423076923078
0 0.12740384615384615 0.28125 0.07451923076923077 0.09134615384615384
0 0.18870192307692307 0.09254807692307693 0.08653846153846154 0.08173076923076923