2 0.18629807692307693 0.24759615384615385 0.23317307692307693 0.24639423076923078
1 0.6646634615384616 0.6538461538461539 0.20192307692307693 0.24639423076923078
1 0.546875 0.7199519230769231 0.19951923076923078 0.18990384615384615
1 0.5372596153846154 0.5408653846153846 0.19951923076923078 0.18990384615384615
1 0.4987980769230769 0.49038461538461536 0.19951923076923078 0.18990384615384615
1 0.1141826923076923 0.6021634615384616 0.20673076923076922 0.2536057692307692
1 0.07572115384615384 0.49158653846153844 0.15144230769230768 0.22355769230769232
1 0.16947115384615385 0.4423076923076923 0.16826923076923078 0.21875
1 0.23197115384615385 0.5036057692307693 0.16826923076923078 0.21875
1 0.2956730769230769 0.5216346153846154 0.16826923076923078 0.21875
1 0.38341346153846156 0.5661057692307693 0.16826923076923078 0.21875
1 0.19831730769230768 0.8221153846153846 0.16826923076923078 0.21875
1 0.265625 0.8365384615384616 0.16826923076923078 0.21875
1 0.41346153846153844 0.859375 0.16826923076923078 0.21875
1 0.6887019230769231 0.11177884615384616 0.16826923076923078 0.18509615384615385
1 0.8473557692307693 0.2403846153846154 0.16826923076923078 0.18509615384615385
1 0.9387019230769231 0.75 0.11778846153846154 0.1875
1 0.9122596153846154 0.6105769230769231 0.17067307692307693 0.21634615384615385
1 0.8725961538461539 0.5372596153846154 0.1971153846153846 0.2127403846153846
1 0.9242788461538461 0.9098557692307693 0.1466346153846154 0.16105769230769232
1 0.8425480769230769 0.8942307692307693 0.19230769230769232 0.15865384615384615
1 0.8125 0.8557692307692307 0.19230769230769232 0.15865384615384615
1 0.04927884615384615 0.19110576923076922 0.0985576923076923 0.22355769230769232
1 0.29927884615384615 0.046875 0.18269230769230768 0.09014423076923077
1 0.5721153846153846 0.2536057692307692 0.21875 0.22115384615384615
1 0.6586538461538461 0.3870192307692308 0.21875 0.22115384615384615
1 0.7439903846153846 0.4230769230769231 0.21875 0.22115384615384615
0 0.8137019230769231 0.7211538461538461 0.08173076923076923 0.09615384615384616
0 0.484375 0.8293269230769231 0.06490384615384616 0.07932692307692307
1 0.890625 0.3798076923076923 0.1971153846153846 0.20673076923076922