1 0.33413461538461536 0.6850961538461539 0.171875 0.2127403846153846
1 0.0829326923076923 0.44711538461538464 0.15264423076923078 0.19831730769230768
1 0.14423076923076922 0.22956730769230768 0.15985576923076922 0.20432692307692307
1 0.7692307692307693 0.5661057692307693 0.1346153846153846 0.21033653846153846
1 0.5817307692307693 0.8161057692307693 0.13221153846153846 0.17668269230769232
1 0.8293269230769231 0.6490384615384616 0.1346153846153846 0.18990384615384615
1 0.9278846153846154 0.07572115384615384 0.14182692307692307 0.14783653846153846
1 0.8870192307692307 0.4026442307692308 0.12980769230769232 0.17307692307692307
1 0.34134615384615385 0.41346153846153844 0.13942307692307693 0.18990384615384615
1 0.5036057692307693 0.171875 0.1935096153846154 0.22716346153846154
1 0.8293269230769231 0.20552884615384615 0.14423076923076922 0.23076923076923078
1 0.2692307692307692 0.23918269230769232 0.15504807692307693 0.2127403846153846
1 0.45072115384615385 0.8509615384615384 0.13942307692307693 0.18990384615384615
2 0.5793269230769231 0.45913461538461536 0.2848557692307692 0.37740384615384615
0 0.9206730769230769 0.8990384615384616 0.0673076923076923 0.0733173076923077