2 0.46153846153846156 0.2608173076923077 0.2932692307692308 0.2920673076923077
1 0.32091346153846156 0.5480769230769231 0.20673076923076922 0.25841346153846156
1 0.054086538461538464 0.8100961538461539 0.10817307692307693 0.25961538461538464
1 0.1814903846153846 0.6682692307692307 0.20673076923076922 0.23317307692307693
1 0.13942307692307693 0.5336538461538461 0.20673076923076922 0.23317307692307693
1 0.23798076923076922 0.3954326923076923 0.20673076923076922 0.23317307692307693
1 0.17067307692307693 0.34134615384615385 0.20673076923076922 0.23317307692307693
1 0.15985576923076922 0.1778846153846154 0.1971153846153846 0.20673076923076922
1 0.6382211538461539 0.0829326923076923 0.20192307692307693 0.1622596153846154
1 0.7427884615384616 0.23076923076923078 0.20673076923076922 0.20793269230769232
1 0.8389423076923077 0.23798076923076922 0.15144230769230768 0.22235576923076922
1 0.8870192307692307 0.28966346153846156 0.22115384615384615 0.27163461538461536
1 0.9495192307692307 0.3786057692307692 0.09615384615384616 0.23317307692307693
1 0.9771634615384616 0.09735576923076923 0.040865384615384616 0.18990384615384615
1 0.8173076923076923 0.7067307692307693 0.19951923076923078 0.18389423076923078
1 0.6610576923076923 0.6983173076923077 0.31009615384615385 0.25841346153846156
1 0.4579326923076923 0.9074519230769231 0.19951923076923078 0.1814903846153846
1 0.4338942307692308 0.6045673076923077 0.19951923076923078 0.18389423076923078
1 0.59375 0.4170673076923077 0.19951923076923078 0.18389423076923078
0 0.3161057692307692 0.2512019230769231 0.06971153846153846 0.09375
0 0.2644230769230769 0.21995192307692307 0.06971153846153846 0.09375
0 0.3942307692307692 0.09254807692307693 0.06971153846153846 0.09375
1 0.11899038461538461 0.9182692307692307 0.2283653846153846 0.15865384615384615