1 0.6658653846153846 0.4495192307692308 0.1466346153846154 0.2980769230769231
1 0.7740384615384616 0.18870192307692307 0.2283653846153846 0.21033653846153846
1 0.8100961538461539 0.41346153846153844 0.18269230769230768 0.18990384615384615
1 0.8088942307692307 0.5889423076923077 0.20673076923076922 0.20673076923076922
1 0.5300480769230769 0.7692307692307693 0.21634615384615385 0.23317307692307693
1 0.5072115384615384 0.5420673076923077 0.20192307692307693 0.20432692307692307
1 0.4026442307692308 0.4110576923076923 0.2283653846153846 0.20192307692307693
1 0.8245192307692307 0.8149038461538461 0.22115384615384615 0.25841346153846156
1 0.9278846153846154 0.2776442307692308 0.13942307692307693 0.2283653846153846
1 0.4735576923076923 0.19951923076923078 0.17548076923076922 0.23317307692307693
1 0.3858173076923077 0.19110576923076922 0.23557692307692307 0.25240384615384615
1 0.10817307692307693 0.6442307692307693 0.19951923076923078 0.21634615384615385
1 0.07932692307692307 0.7668269230769231 0.15865384615384615 0.19230769230769232
1 0.21754807692307693 0.3449519230769231 0.18509615384615385 0.18509615384615385
2 0.30528846153846156 0.7692307692307693 0.4254807692307692 0.4266826923076923
0 0.5853365384615384 0.21634615384615385 0.057692307692307696 0.0625
0 0.1310096153846154 0.9555288461538461 0.04807692307692308 0.07692307692307693