1 0.36538461538461536 0.1201923076923077 0.18509615384615385 0.17668269230769232
1 0.5216346153846154 0.15745192307692307 0.17067307692307693 0.23076923076923078
1 0.4411057692307692 0.5817307692307693 0.1466346153846154 0.19951923076923078
1 0.14783653846153846 0.4254807692307692 0.18269230769230768 0.2536057692307692
1 0.5324519230769231 0.9230769230769231 0.14903846153846154 0.1502403846153846
1 0.640625 0.9230769230769231 0.14903846153846154 0.1502403846153846
1 0.0889423076923077 0.75 0.14182692307692307 0.23317307692307693
1 0.265625 0.6995192307692307 0.19951923076923078 0.21875
1 0.7584134615384616 0.09014423076923077 0.18509615384615385 0.17548076923076922
1 0.8401442307692307 0.12139423076923077 0.15384615384615385 0.1935096153846154
2 0.6586538461538461 0.40865384615384615 0.2091346153846154 0.25841346153846156
0 0.021634615384615384 0.2620192307692308 0.04326923076923077 0.08653846153846154
0 0.013221153846153846 0.3641826923076923 0.026442307692307692 0.0889423076923077
0 0.16706730769230768 0.8365384615384616 0.055288461538461536 0.08533653846153846