2 0.32091346153846156 0.5901442307692307 0.3173076923076923 0.3713942307692308
0 0.22355769230769232 0.7175480769230769 0.07211538461538461 0.06490384615384616
0 0.17908653846153846 0.03245192307692308 0.07211538461538461 0.06009615384615385
0 0.6370192307692307 0.44711538461538464 0.07211538461538461 0.06490384615384616
1 0.1045673076923077 0.43509615384615385 0.2091346153846154 0.19230769230769232
1 0.09735576923076923 0.5060096153846154 0.19471153846153846 0.19471153846153846
1 0.5132211538461539 0.3918269230769231 0.18990384615384615 0.19110576923076922
1 0.5709134615384616 0.2644230769230769 0.18990384615384615 0.19110576923076922
1 0.45913461538461536 0.15384615384615385 0.21634615384615385 0.21634615384615385
1 0.7487980769230769 0.23076923076923078 0.25240384615384615 0.21634615384615385
1 0.8052884615384616 0.4230769230769231 0.1971153846153846 0.25
1 0.9615384615384616 0.8725961538461539 0.07211538461538461 0.25
1 0.8076923076923077 0.8882211538461539 0.24519230769230768 0.21875
1 0.5889423076923077 0.9038461538461539 0.21634615384615385 0.1875
1 0.6935096153846154 0.6225961538461539 0.19230769230769232 0.20793269230769232
1 0.055288461538461536 0.1658653846153846 0.11057692307692307 0.28365384615384615