1 0.2512019230769231 0.7199519230769231 0.17067307692307693 0.2644230769230769
1 0.71875 0.42788461538461536 0.1814903846153846 0.22235576923076922
1 0.7932692307692307 0.25600961538461536 0.14423076923076922 0.22956730769230768
1 0.5949519230769231 0.3004807692307692 0.18028846153846154 0.23798076923076922
1 0.8918269230769231 0.6899038461538461 0.14543269230769232 0.23317307692307693
1 0.1045673076923077 0.7463942307692307 0.1346153846153846 0.21634615384615385
1 0.25961538461538464 0.3389423076923077 0.16105769230769232 0.21514423076923078
1 0.15504807692307693 0.5144230769230769 0.20673076923076922 0.19110576923076922
1 0.43990384615384615 0.0673076923076923 0.17307692307692307 0.1310096153846154
1 0.6706730769230769 0.8401442307692307 0.2091346153846154 0.24759615384615385
0 0.38461538461538464 0.44471153846153844 0.0673076923076923 0.08173076923076923
0 0.8269230769230769 0.9326923076923077 0.06129807692307692 0.0733173076923077
2 0.4338942307692308 0.7007211538461539 0.2668269230769231 0.33533653846153844