2 0.6814903846153846 0.3629807692307692 0.25961538461538464 0.23918269230769232
0 0.734375 0.5288461538461539 0.09615384615384616 0.09975961538461539
1 0.10697115384615384 0.7115384615384616 0.21394230769230768 0.2403846153846154
1 0.3076923076923077 0.35336538461538464 0.16105769230769232 0.18990384615384615
1 0.13581730769230768 0.18269230769230768 0.15865384615384615 0.18990384615384615
1 0.38822115384615385 0.22355769230769232 0.24278846153846154 0.23918269230769232
1 0.5625 0.18870192307692307 0.24278846153846154 0.23918269230769232
1 0.3269230769230769 0.5480769230769231 0.21153846153846154 0.19110576923076922
1 0.26322115384615385 0.7836538461538461 0.20432692307692307 0.25
1 0.6033653846153846 0.671875 0.1875 0.22235576923076922
1 0.8112980769230769 0.5925480769230769 0.1875 0.22235576923076922
1 0.9098557692307693 0.5925480769230769 0.16346153846153846 0.2980769230769231
1 0.5120192307692307 0.39663461538461536 0.1875 0.22235576923076922
1 0.4567307692307692 0.6237980769230769 0.1875 0.22235576923076922
1 0.42908653846153844 0.8786057692307693 0.25 0.23798076923076922
1 0.5877403846153846 0.9182692307692307 0.19230769230769232 0.15985576923076922
1 0.11538461538461539 0.8858173076923077 0.23076923076923078 0.22355769230769232
1 0.953125 0.38341346153846156 0.0889423076923077 0.23317307692307693
1 0.7728365384615384 0.8870192307692307 0.1875 0.22235576923076922