1 0.38461538461538464 0.6322115384615384 0.22355769230769232 0.22235576923076922
1 0.9014423076923077 0.5997596153846154 0.19230769230769232 0.2247596153846154
1 0.8762019230769231 0.3401442307692308 0.18990384615384615 0.23798076923076922
1 0.9158653846153846 0.09735576923076923 0.16346153846153846 0.19471153846153846
1 0.6802884615384616 0.3137019230769231 0.18028846153846154 0.1935096153846154
1 0.7115384615384616 0.5216346153846154 0.17067307692307693 0.1935096153846154
1 0.5144230769230769 0.41947115384615385 0.14423076923076922 0.2692307692307692
1 0.46875 0.8894230769230769 0.16826923076923078 0.20793269230769232
1 0.765625 0.8245192307692307 0.20432692307692307 0.22716346153846154
1 0.08173076923076923 0.5408653846153846 0.16346153846153846 0.2403846153846154
1 0.0889423076923077 0.3173076923076923 0.1658653846153846 0.23557692307692307
1 0.24639423076923078 0.7644230769230769 0.16826923076923078 0.23317307692307693
1 0.5721153846153846 0.6682692307692307 0.16826923076923078 0.23317307692307693
1 0.140625 0.06370192307692307 0.20192307692307693 0.12259615384615384
2 0.6177884615384616 0.13221153846153846 0.3701923076923077 0.2608173076923077