1 0.3641826923076923 0.4831730769230769 0.2403846153846154 0.28725961538461536
1 0.6790865384615384 0.1778846153846154 0.1778846153846154 0.2439903846153846
1 0.8425480769230769 0.13221153846153846 0.1778846153846154 0.2439903846153846
1 0.6838942307692307 0.8185096153846154 0.17548076923076922 0.19951923076923078
1 0.6430288461538461 0.6153846153846154 0.19471153846153846 0.25240384615384615
1 0.546875 0.38822115384615385 0.19471153846153846 0.25240384615384615
1 0.9122596153846154 0.5637019230769231 0.17067307692307693 0.24759615384615385
1 0.8617788461538461 0.7367788461538461 0.25240384615384615 0.23918269230769232
1 0.1141826923076923 0.47596153846153844 0.2283653846153846 0.2692307692307692
1 0.28966346153846156 0.7151442307692307 0.21634615384615385 0.24759615384615385
2 0.30408653846153844 0.18870192307692307 0.3918269230769231 0.37259615384615385
0 0.9735576923076923 0.6862980769230769 0.04807692307692308 0.06971153846153846