1 0.8149038461538461 0.8040865384615384 0.21875 0.17067307692307693
1 0.9326923076923077 0.7475961538461539 0.12980769230769232 0.17307692307692307
1 0.6274038461538461 0.8882211538461539 0.15625 0.20673076923076922
1 0.8365384615384616 0.29447115384615385 0.23798076923076922 0.21875
1 0.7620192307692307 0.45552884615384615 0.23798076923076922 0.21875
1 0.11899038461538461 0.46875 0.23798076923076922 0.22115384615384615
1 0.21514423076923078 0.4411057692307692 0.23798076923076922 0.21875
1 0.47836538461538464 0.5072115384615384 0.19230769230769232 0.16826923076923078
1 0.7463942307692307 0.0985576923076923 0.24278846153846154 0.1935096153846154
1 0.06129807692307692 0.2512019230769231 0.12259615384615384 0.21875
1 0.1658653846153846 0.8197115384615384 0.20432692307692307 0.25600961538461536
1 0.42788461538461536 0.9242788461538461 0.19951923076923078 0.14783653846153846
0 0.5492788461538461 0.19591346153846154 0.07692307692307693 0.08774038461538461
0 0.056490384615384616 0.12620192307692307 0.08413461538461539 0.10216346153846154
2 0.36177884615384615 0.1814903846153846 0.40865384615384615 0.3581730769230769