1 0.06971153846153846 0.14783653846153846 0.13942307692307693 0.22355769230769232
1 0.19230769230769232 0.18389423076923078 0.1971153846153846 0.22115384615384615
1 0.6670673076923077 0.13942307692307693 0.16826923076923078 0.21634615384615385
1 0.390625 0.29086538461538464 0.21634615384615385 0.25240384615384615
1 0.34134615384615385 0.4651442307692308 0.21634615384615385 0.25240384615384615
1 0.3641826923076923 0.8810096153846154 0.19951923076923078 0.23317307692307693
1 0.1814903846153846 0.48197115384615385 0.18028846153846154 0.20192307692307693
1 0.8713942307692307 0.6911057692307693 0.19230769230769232 0.23076923076923078
1 0.7848557692307693 0.2920673076923077 0.22115384615384615 0.20793269230769232
1 0.5673076923076923 0.31971153846153844 0.18990384615384615 0.19831730769230768
1 0.5168269230769231 0.09975961538461539 0.19230769230769232 0.19591346153846154
1 0.7908653846153846 0.8305288461538461 0.18990384615384615 0.23076923076923078
1 0.6850961538461539 0.9026442307692307 0.18028846153846154 0.18990384615384615
0 0.18629807692307693 0.6466346153846154 0.06009615384615385 0.09375
0 0.3137019230769231 0.6538461538461539 0.10096153846153846 0.10817307692307693
0 0.7956730769230769 0.5216346153846154 0.07451923076923077 0.09375
0 0.8088942307692307 0.6009615384615384 0.0673076923076923 0.0733173076923077
2 0.5709134615384616 0.6610576923076923 0.38221153846153844 0.40625