1 0.35096153846153844 0.8629807692307693 0.21394230769230768 0.18990384615384615
1 0.8149038461538461 0.7007211538461539 0.22596153846153846 0.21033653846153846
1 0.8557692307692307 0.4807692307692308 0.1971153846153846 0.1935096153846154
1 0.7427884615384616 0.4807692307692308 0.21394230769230768 0.2644230769230769
1 0.6021634615384616 0.43990384615384615 0.0985576923076923 0.27884615384615385
1 0.5745192307692307 0.3293269230769231 0.18509615384615385 0.22115384615384615
1 0.9038461538461539 0.15985576923076922 0.1875 0.2283653846153846
1 0.36778846153846156 0.6502403846153846 0.27403846153846156 0.19110576923076922
1 0.10697115384615384 0.5901442307692307 0.19230769230769232 0.25240384615384615
1 0.6730769230769231 0.07932692307692307 0.23557692307692307 0.15384615384615385
1 0.7536057692307693 0.21875 0.15865384615384615 0.23798076923076922
1 0.6586538461538461 0.8629807692307693 0.21394230769230768 0.21875
2 0.30649038461538464 0.36177884615384615 0.6129807692307693 0.5264423076923077