1 0.07211538461538461 0.8052884615384616 0.14423076923076922 0.23076923076923078
1 0.3233173076923077 0.7692307692307693 0.23798076923076922 0.22716346153846154
1 0.7932692307692307 0.609375 0.23798076923076922 0.22716346153846154
1 0.7956730769230769 0.23076923076923078 0.23798076923076922 0.22716346153846154
1 0.5997596153846154 0.4951923076923077 0.23798076923076922 0.22716346153846154
1 0.5036057692307693 0.6286057692307693 0.23798076923076922 0.22716346153846154
1 0.6225961538461539 0.7932692307692307 0.2091346153846154 0.2247596153846154
1 0.6586538461538461 0.09975961538461539 0.21634615384615385 0.19591346153846154
1 0.16346153846153846 0.6105769230769231 0.21634615384615385 0.19591346153846154
1 0.07932692307692307 0.5564903846153846 0.15865384615384615 0.23317307692307693
2 0.3762019230769231 0.3088942307692308 0.5096153846153846 0.4567307692307692