2 0.7860576923076923 0.4170673076923077 0.4230769230769231 0.5985576923076923
1 0.28125 0.22235576923076922 0.2644230769230769 0.20673076923076922
1 0.34134615384615385 0.5096153846153846 0.18990384615384615 0.1814903846153846
1 0.4579326923076923 0.4651442307692308 0.18990384615384615 0.1814903846153846
1 0.6394230769230769 0.24278846153846154 0.19230769230769232 0.31490384615384615
1 0.5060096153846154 0.23798076923076922 0.18990384615384615 0.19951923076923078
1 0.5901442307692307 0.10096153846153846 0.18990384615384615 0.19831730769230768
1 0.16105769230769232 0.6838942307692307 0.23798076923076922 0.22716346153846154
1 0.11658653846153846 0.8978365384615384 0.23317307692307693 0.19951923076923078
1 0.5264423076923077 0.6826923076923077 0.23076923076923078 0.18990384615384615
1 0.37740384615384615 0.6911057692307693 0.27163461538461536 0.2620192307692308
1 0.8329326923076923 0.7151442307692307 0.25 0.25240384615384615
1 0.8016826923076923 0.9014423076923077 0.22596153846153846 0.1935096153846154
1 0.35336538461538464 0.9314903846153846 0.21394230769230768 0.13341346153846154
1 0.5600961538461539 0.8545673076923077 0.2668269230769231 0.23798076923076922
0 0.36778846153846156 0.09975961538461539 0.08173076923076923 0.07091346153846154
1 0.15264423076923078 0.5865384615384616 0.18990384615384615 0.1814903846153846
1 0.8209134615384616 0.09134615384615384 0.19230769230769232 0.17908653846153846