1 0.11298076923076923 0.16947115384615385 0.22596153846153846 0.21875
1 0.5 0.5444711538461539 0.24519230769230768 0.16466346153846154
1 0.3317307692307692 0.3473557692307692 0.21634615384615385 0.21875
1 0.4050480769230769 0.6742788461538461 0.25 0.22235576923076922
1 0.47115384615384615 0.9038461538461539 0.24759615384615385 0.1875
1 0.7091346153846154 0.1141826923076923 0.25961538461538464 0.2247596153846154
1 0.8473557692307693 0.3269230769230769 0.21634615384615385 0.19591346153846154
1 0.9375 0.8100961538461539 0.1201923076923077 0.21153846153846154
1 0.9014423076923077 0.9230769230769231 0.19230769230769232 0.14903846153846154
1 0.7524038461538461 0.9242788461538461 0.23557692307692307 0.14783653846153846
1 0.21995192307692307 0.734375 0.2283653846153846 0.21875
1 0.3317307692307692 0.26322115384615385 0.2283653846153846 0.21875
1 0.5372596153846154 0.19230769230769232 0.22115384615384615 0.17668269230769232
1 0.7223557692307693 0.7752403846153846 0.2692307692307692 0.2536057692307692
1 0.10697115384615384 0.6165865384615384 0.17067307692307693 0.20432692307692307
1 0.9314903846153846 0.6237980769230769 0.13221153846153846 0.19471153846153846
0 0.38461538461538464 0.13341346153846154 0.1201923076923077 0.09975961538461539
0 0.11899038461538461 0.47716346153846156 0.1346153846153846 0.13341346153846154
2 0.7427884615384616 0.4831730769230769 0.4519230769230769 0.41225961538461536