1 0.6850961538461539 0.38341346153846156 0.19230769230769232 0.20432692307692307
1 0.6634615384615384 0.2608173076923077 0.19230769230769232 0.20432692307692307
1 0.9098557692307693 0.5036057692307693 0.17548076923076922 0.2091346153846154
1 0.6730769230769231 0.9086538461538461 0.19230769230769232 0.17908653846153846
1 0.23677884615384615 0.8064903846153846 0.18990384615384615 0.23317307692307693
1 0.8569711538461539 0.8930288461538461 0.19230769230769232 0.1814903846153846
1 0.7860576923076923 0.5853365384615384 0.19230769230769232 0.2247596153846154
1 0.484375 0.5516826923076923 0.19230769230769232 0.20432692307692307
1 0.0889423076923077 0.6538461538461539 0.14182692307692307 0.20793269230769232
1 0.484375 0.13221153846153846 0.18509615384615385 0.21033653846153846
1 0.6274038461538461 0.703125 0.18509615384615385 0.21033653846153846
2 0.21995192307692307 0.20793269230769232 0.30288461538461536 0.28725961538461536
0 0.34134615384615385 0.75 0.0673076923076923 0.07451923076923077
0 0.8990384615384616 0.12620192307692307 0.07451923076923077 0.08533653846153846