2 0.20192307692307693 0.25 0.3942307692307692 0.3581730769230769
1 0.46634615384615385 0.3605769230769231 0.23798076923076922 0.25
1 0.6153846153846154 0.2956730769230769 0.23798076923076922 0.25
1 0.6141826923076923 0.6310096153846154 0.23798076923076922 0.25
1 0.43990384615384615 0.6754807692307693 0.22596153846153846 0.23557692307692307
1 0.7067307692307693 0.8786057692307693 0.27403846153846156 0.23918269230769232
1 0.8641826923076923 0.4266826923076923 0.2668269230769231 0.24278846153846154
1 0.3485576923076923 0.9302884615384616 0.24278846153846154 0.13581730769230768
1 0.046875 0.08173076923076923 0.09375 0.15865384615384615
1 0.09014423076923077 0.41586538461538464 0.18028846153846154 0.20192307692307693
1 0.6911057692307693 0.078125 0.21634615384615385 0.15264423076923078
1 0.9603365384615384 0.6370192307692307 0.07451923076923077 0.17307692307692307
1 0.9555288461538461 0.8413461538461539 0.08413461538461539 0.21153846153846154
1 0.12620192307692307 0.5769230769230769 0.20192307692307693 0.23798076923076922
0 0.296875 0.6586538461538461 0.08413461538461539 0.09975961538461539
1 0.4891826923076923 0.11538461538461539 0.2692307692307692 0.22716346153846154
1 0.4375 0.5961538461538461 0.20673076923076922 0.17067307692307693
1 0.36778846153846156 0.5420673076923077 0.20673076923076922 0.17067307692307693