2 0.8846153846153846 0.5456730769230769 0.22596153846153846 0.2980769230769231
1 0.7319711538461539 0.6442307692307693 0.17548076923076922 0.25240384615384615
1 0.6971153846153846 0.34615384615384615 0.12980769230769232 0.22115384615384615
1 0.6213942307692307 0.3545673076923077 0.12980769230769232 0.22115384615384615
1 0.6298076923076923 0.21033653846153846 0.11298076923076923 0.17908653846153846
1 0.4807692307692308 0.6742788461538461 0.15144230769230768 0.22235576923076922
1 0.43028846153846156 0.9182692307692307 0.17307692307692307 0.15985576923076922
1 0.375 0.9182692307692307 0.17307692307692307 0.15985576923076922
1 0.3425480769230769 0.6033653846153846 0.15865384615384615 0.21033653846153846
1 0.21033653846153846 0.5036057692307693 0.15865384615384615 0.21033653846153846
1 0.43990384615384615 0.4699519230769231 0.18990384615384615 0.21514423076923078
1 0.22355769230769232 0.9026442307692307 0.16105769230769232 0.19110576923076922
1 0.9447115384615384 0.7776442307692307 0.10576923076923077 0.21875
1 0.9375 0.2644230769230769 0.10817307692307693 0.2668269230769231
1 0.41466346153846156 0.08533653846153846 0.21394230769230768 0.16706730769230768
1 0.14783653846153846 0.6009615384615384 0.15865384615384615 0.21033653846153846
1 0.17548076923076922 0.6911057692307693 0.15865384615384615 0.21033653846153846
1 0.19951923076923078 0.8088942307692307 0.15865384615384615 0.21033653846153846
1 0.06850961538461539 0.8461538461538461 0.10817307692307693 0.20793269230769232
1 0.08533653846153846 0.16346153846153846 0.17067307692307693 0.2980769230769231
1 0.20192307692307693 0.20192307692307693 0.18509615384615385 0.25841346153846156
0 0.41346153846153844 0.23798076923076922 0.06971153846153846 0.09615384615384616
0 0.32211538461538464 0.22716346153846154 0.06971153846153846 0.09615384615384616
0 0.4795673076923077 0.09615384615384616 0.06971153846153846 0.09615384615384616
1 0.46274038461538464 0.36658653846153844 0.18028846153846154 0.22115384615384615