1 0.8425480769230769 0.5564903846153846 0.15625 0.2247596153846154
1 0.6057692307692307 0.3161057692307692 0.22115384615384615 0.2247596153846154
1 0.125 0.5060096153846154 0.16346153846153846 0.2127403846153846
1 0.24759615384615385 0.5564903846153846 0.18990384615384615 0.21634615384615385
1 0.40384615384615385 0.10817307692307693 0.22115384615384615 0.2127403846153846
1 0.5733173076923077 0.07451923076923077 0.22596153846153846 0.14543269230769232
1 0.7668269230769231 0.07451923076923077 0.1658653846153846 0.14543269230769232
1 0.8990384615384616 0.05889423076923077 0.14423076923076922 0.1141826923076923
1 0.7103365384615384 0.7283653846153846 0.17307692307692307 0.17307692307692307
1 0.5228365384615384 0.9122596153846154 0.19951923076923078 0.17067307692307693
1 0.6947115384615384 0.9254807692307693 0.18509615384615385 0.14423076923076922
1 0.2980769230769231 0.9254807692307693 0.18509615384615385 0.14423076923076922
1 0.21033653846153846 0.15384615384615385 0.14903846153846154 0.20432692307692307
1 0.3557692307692308 0.3088942307692308 0.16826923076923078 0.19110576923076922
1 0.14182692307692307 0.7235576923076923 0.18509615384615385 0.20192307692307693
2 0.5096153846153846 0.6382211538461539 0.3245192307692308 0.3942307692307692
0 0.9266826923076923 0.35697115384615385 0.12740384615384615 0.1310096153846154