1 0.8052884615384616 0.4326923076923077 0.1875 0.1814903846153846
1 0.8161057692307693 0.6370192307692307 0.16346153846153846 0.1875
1 0.8870192307692307 0.7391826923076923 0.1346153846153846 0.21634615384615385
1 0.7391826923076923 0.8317307692307693 0.20673076923076922 0.19110576923076922
1 0.08653846153846154 0.7427884615384616 0.17307692307692307 0.1971153846153846
1 0.06850961538461539 0.9086538461538461 0.13701923076923078 0.1778846153846154
1 0.23677884615384615 0.6959134615384616 0.2403846153846154 0.25
1 0.35336538461538464 0.4050480769230769 0.1875 0.22716346153846154
1 0.19230769230769232 0.09134615384615384 0.15384615384615385 0.17908653846153846
1 0.39302884615384615 0.19110576923076922 0.1971153846153846 0.1875
1 0.3245192307692308 0.9314903846153846 0.16826923076923078 0.13341346153846154
1 0.296875 0.20432692307692307 0.1875 0.25
1 0.9375 0.5300480769230769 0.1201923076923077 0.19471153846153846
1 0.41225961538461536 0.5552884615384616 0.1875 0.1814903846153846
2 0.5685096153846154 0.32091346153846156 0.4735576923076923 0.47475961538461536