1 0.7920673076923077 0.30408653846153844 0.23557692307692307 0.19951923076923078
1 0.7872596153846154 0.48197115384615385 0.22115384615384615 0.19831730769230768
1 0.9447115384615384 0.9110576923076923 0.10576923076923077 0.1778846153846154
1 0.7992788461538461 0.8858173076923077 0.23557692307692307 0.21634615384615385
1 0.5600961538461539 0.9098557692307693 0.28125 0.17548076923076922
1 0.5252403846153846 0.6887019230769231 0.22355769230769232 0.21875
1 0.33653846153846156 0.6237980769230769 0.22355769230769232 0.21875
1 0.12379807692307693 0.359375 0.24759615384615385 0.17548076923076922
1 0.5 0.11177884615384616 0.25721153846153844 0.21875
1 0.2127403846153846 0.7247596153846154 0.25240384615384615 0.22115384615384615
1 0.3173076923076923 0.8293269230769231 0.25240384615384615 0.22115384615384615
1 0.11298076923076923 0.5192307692307693 0.22596153846153846 0.1778846153846154
1 0.6033653846153846 0.4651442307692308 0.22355769230769232 0.22115384615384615
1 0.7668269230769231 0.6502403846153846 0.25 0.24639423076923078
2 0.3545673076923077 0.23076923076923078 0.5120192307692307 0.4579326923076923