2 0.4879807692307692 0.8653846153846154 0.3173076923076923 0.2644230769230769
1 0.8305288461538461 0.6923076923076923 0.20432692307692307 0.2439903846153846
1 0.5444711538461539 0.640625 0.20432692307692307 0.2439903846153846
1 0.6057692307692307 0.4855769230769231 0.18269230769230768 0.2956730769230769
1 0.7512019230769231 0.47836538461538464 0.18990384615384615 0.23076923076923078
1 0.35336538461538464 0.640625 0.18990384615384615 0.23076923076923078
1 0.3016826923076923 0.3629807692307692 0.18990384615384615 0.23076923076923078
1 0.3293269230769231 0.1310096153846154 0.20673076923076922 0.25
1 0.796875 0.23197115384615385 0.23076923076923078 0.24759615384615385
1 0.24519230769230768 0.8978365384615384 0.21153846153846154 0.19951923076923078
1 0.0733173076923077 0.5901442307692307 0.1201923076923077 0.21875
1 0.039663461538461536 0.33052884615384615 0.07932692307692307 0.29086538461538464
1 0.08774038461538461 0.21634615384615385 0.17548076923076922 0.21634615384615385
1 0.19831730769230768 0.17548076923076922 0.23317307692307693 0.25600961538461536
1 0.8786057692307693 0.39783653846153844 0.1658653846153846 0.22956730769230768
1 0.15625 0.4699519230769231 0.20432692307692307 0.2439903846153846