1 0.890625 0.2283653846153846 0.21394230769230768 0.21634615384615385
1 0.7512019230769231 0.34615384615384615 0.2283653846153846 0.22956730769230768
1 0.6153846153846154 0.26802884615384615 0.24278846153846154 0.22716346153846154
1 0.6706730769230769 0.10216346153846154 0.24519230769230768 0.19951923076923078
1 0.45072115384615385 0.17427884615384615 0.24759615384615385 0.23076923076923078
1 0.19110576923076922 0.5132211538461539 0.24759615384615385 0.23076923076923078
1 0.41346153846153844 0.41346153846153844 0.2644230769230769 0.24759615384615385
1 0.8689903846153846 0.5132211538461539 0.23076923076923078 0.21514423076923078
1 0.7680288461538461 0.7283653846153846 0.23317307692307693 0.20673076923076922
1 0.6682692307692307 0.9134615384615384 0.22355769230769232 0.16826923076923078
1 0.21033653846153846 0.7055288461538461 0.19230769230769232 0.18990384615384615
1 0.10817307692307693 0.7235576923076923 0.19230769230769232 0.18990384615384615
1 0.09134615384615384 0.9074519230769231 0.18269230769230768 0.18028846153846154
1 0.18509615384615385 0.19951923076923078 0.22115384615384615 0.23798076923076922
1 0.30288461538461536 0.27524038461538464 0.2644230769230769 0.25
2 0.4795673076923077 0.7848557692307693 0.5360576923076923 0.3858173076923077