1 0.8353365384615384 0.44350961538461536 0.1778846153846154 0.2247596153846154
1 0.6346153846153846 0.6838942307692307 0.25 0.2247596153846154
1 0.12259615384615384 0.49399038461538464 0.18509615384615385 0.2127403846153846
1 0.2403846153846154 0.44350961538461536 0.21394230769230768 0.21634615384615385
1 0.46634615384615385 0.8918269230769231 0.25 0.2127403846153846
1 0.6382211538461539 0.9254807692307693 0.2548076923076923 0.14543269230769232
1 0.8317307692307693 0.9254807692307693 0.18990384615384615 0.14543269230769232
1 0.9411057692307693 0.9399038461538461 0.11298076923076923 0.11538461538461539
1 0.6742788461538461 0.27163461538461536 0.19471153846153846 0.17307692307692307
1 0.46033653846153844 0.08774038461538461 0.22596153846153846 0.17067307692307693
1 0.6298076923076923 0.07451923076923077 0.21153846153846154 0.14423076923076922
1 0.23317307692307693 0.07451923076923077 0.21153846153846154 0.14423076923076922
1 0.265625 0.8461538461538461 0.16826923076923078 0.20432692307692307
1 0.3870192307692308 0.6911057692307693 0.19230769230769232 0.19110576923076922
1 0.10576923076923077 0.2764423076923077 0.21153846153846154 0.20192307692307693
2 0.4879807692307692 0.36177884615384615 0.36778846153846156 0.3942307692307692
0 0.9375 0.6430288461538461 0.1201923076923077 0.13221153846153846