1 0.5540865384615384 0.6286057692307693 0.20673076923076922 0.22956730769230768
1 0.7668269230769231 0.21033653846153846 0.23076923076923078 0.23798076923076922
1 0.38100961538461536 0.22596153846153846 0.20673076923076922 0.23918269230769232
1 0.20192307692307693 0.31850961538461536 0.20432692307692307 0.25
1 0.1658653846153846 0.5252403846153846 0.21634615384615385 0.2536057692307692
1 0.24879807692307693 0.7764423076923077 0.22355769230769232 0.1935096153846154
1 0.4567307692307692 0.4375 0.21153846153846154 0.23798076923076922
1 0.33052884615384615 0.5745192307692307 0.23317307692307693 0.21033653846153846
1 0.7668269230769231 0.4567307692307692 0.18269230769230768 0.20673076923076922
1 0.6153846153846154 0.07692307692307693 0.22115384615384615 0.1502403846153846
1 0.84375 0.44471153846153844 0.15865384615384615 0.2644230769230769
2 0.5048076923076923 0.8701923076923077 0.4110576923076923 0.25600961538461536