1 0.90625 0.5612980769230769 0.15625 0.19831730769230768
1 0.5492788461538461 0.45072115384615385 0.19230769230769232 0.2644230769230769
1 0.15264423076923078 0.6117788461538461 0.19230769230769232 0.2644230769230769
1 0.32091346153846156 0.21153846153846154 0.20673076923076922 0.2608173076923077
1 0.31009615384615385 0.5721153846153846 0.1778846153846154 0.21033653846153846
1 0.24759615384615385 0.8401442307692307 0.1778846153846154 0.21033653846153846
1 0.9495192307692307 0.24639423076923078 0.09615384615384616 0.2091346153846154
1 0.039663461538461536 0.7463942307692307 0.07932692307692307 0.21394230769230768
2 0.6189903846153846 0.6862980769230769 0.31971153846153844 0.2439903846153846
0 0.6237980769230769 0.20432692307692307 0.07451923076923077 0.07451923076923077
0 0.24639423076923078 0.43149038461538464 0.07451923076923077 0.07451923076923077