1 0.25841346153846156 0.8677884615384616 0.19230769230769232 0.18509615384615385
1 0.3016826923076923 0.6574519230769231 0.1875 0.1935096153846154
1 0.15625 0.06850961538461539 0.25240384615384615 0.13341346153846154
1 0.4579326923076923 0.20192307692307693 0.18269230769230768 0.25
1 0.47716346153846156 0.6141826923076923 0.1971153846153846 0.19591346153846154
1 0.08653846153846154 0.4483173076923077 0.17307692307692307 0.25240384615384615
1 0.13701923076923078 0.33774038461538464 0.21875 0.20432692307692307
1 0.7283653846153846 0.5300480769230769 0.14903846153846154 0.16466346153846154
1 0.9026442307692307 0.46033653846153844 0.19230769230769232 0.17067307692307693
1 0.7980769230769231 0.17427884615384615 0.21153846153846154 0.23557692307692307
2 0.7175480769230769 0.7632211538461539 0.20673076923076922 0.21875
1 0.08533653846153846 0.6454326923076923 0.1466346153846154 0.1875
1 0.4266826923076923 0.07572115384615384 0.17067307692307693 0.14783653846153846
1 0.6081730769230769 0.19110576923076922 0.15865384615384615 0.18990384615384615