1 0.35096153846153844 0.5961538461538461 0.18389423076923078 0.20793269230769232
1 0.14423076923076922 0.5276442307692307 0.18870192307692307 0.24759615384615385
1 0.28966346153846156 0.8149038461538461 0.15745192307692307 0.2127403846153846
1 0.15865384615384615 0.7391826923076923 0.15745192307692307 0.2127403846153846
1 0.9350961538461539 0.42908653846153844 0.12620192307692307 0.20432692307692307
1 0.7716346153846154 0.31009615384615385 0.14903846153846154 0.19591346153846154
1 0.4879807692307692 0.11538461538461539 0.18028846153846154 0.22716346153846154
1 0.2091346153846154 0.21153846153846154 0.19110576923076922 0.2439903846153846
1 0.2980769230769231 0.3954326923076923 0.12620192307692307 0.16706730769230768
1 0.9375 0.8978365384615384 0.12139423076923077 0.19951923076923078
2 0.7980769230769231 0.6502403846153846 0.2980769230769231 0.36658653846153844