1 0.0829326923076923 0.4206730769230769 0.1658653846153846 0.21153846153846154
1 0.15985576923076922 0.6502403846153846 0.21394230769230768 0.2127403846153846
1 0.27524038461538464 0.8834134615384616 0.20432692307692307 0.22956730769230768
1 0.3233173076923077 0.2512019230769231 0.2548076923076923 0.21033653846153846
1 0.17307692307692307 0.3401442307692308 0.2548076923076923 0.21033653846153846
1 0.12980769230769232 0.10576923076923077 0.2548076923076923 0.20793269230769232
1 0.5228365384615384 0.2091346153846154 0.2548076923076923 0.21033653846153846
1 0.78125 0.5516826923076923 0.2548076923076923 0.2127403846153846
1 0.8509615384615384 0.7608173076923077 0.2548076923076923 0.2127403846153846
1 0.9675480769230769 0.8966346153846154 0.06009615384615385 0.20673076923076922
1 0.7536057692307693 0.3401442307692308 0.27163461538461536 0.25841346153846156
0 0.22716346153846154 0.5456730769230769 0.08413461538461539 0.07091346153846154
2 0.5432692307692307 0.7524038461538461 0.4639423076923077 0.44591346153846156