1 0.8401442307692307 0.13822115384615385 0.20432692307692307 0.20192307692307693
1 0.8317307692307693 0.6358173076923077 0.18269230769230768 0.19110576923076922
1 0.32572115384615385 0.8353365384615384 0.18269230769230768 0.19110576923076922
1 0.7139423076923077 0.8497596153846154 0.18269230769230768 0.19110576923076922
1 0.6201923076923077 0.46274038461538464 0.18509615384615385 0.22956730769230768
1 0.2824519230769231 0.5973557692307693 0.18509615384615385 0.22956730769230768
1 0.07451923076923077 0.6850961538461539 0.14903846153846154 0.23076923076923078
1 0.08052884615384616 0.39783653846153844 0.14423076923076922 0.22956730769230768
1 0.8461538461538461 0.39302884615384615 0.15625 0.21875
1 0.5072115384615384 0.49158653846153844 0.18509615384615385 0.22956730769230768
1 0.49759615384615385 0.6730769230769231 0.18509615384615385 0.22956730769230768
1 0.5132211538461539 0.8485576923076923 0.18509615384615385 0.20673076923076922
2 0.41346153846153844 0.27884615384615385 0.40384615384615385 0.4338942307692308
0 0.15865384615384615 0.8870192307692307 0.08413461538461539 0.06009615384615385