1 0.9110576923076923 0.7716346153846154 0.17307692307692307 0.28365384615384615
1 0.5 0.9122596153846154 0.25721153846153844 0.17067307692307693
1 0.7163461538461539 0.8858173076923077 0.2644230769230769 0.21634615384615385
1 0.19951923076923078 0.625 0.2644230769230769 0.21634615384615385
1 0.5444711538461539 0.2920673076923077 0.2644230769230769 0.21634615384615385
1 0.5889423076923077 0.09735576923076923 0.2644230769230769 0.19110576923076922
1 0.2824519230769231 0.1502403846153846 0.24278846153846154 0.23798076923076922
1 0.7728365384615384 0.3401442307692308 0.23557692307692307 0.1814903846153846
1 0.7536057692307693 0.7271634615384616 0.2403846153846154 0.2247596153846154
1 0.7307692307692307 0.5192307692307693 0.3173076923076923 0.2608173076923077
1 0.06850961538461539 0.0889423076923077 0.13701923076923078 0.17307692307692307
1 0.0733173076923077 0.4699519230769231 0.1466346153846154 0.22355769230769232
2 0.43149038461538464 0.4855769230769231 0.4735576923076923 0.4338942307692308