1 0.14302884615384615 0.3557692307692308 0.22355769230769232 0.21514423076923078
1 0.6394230769230769 0.10817307692307693 0.22355769230769232 0.2127403846153846
1 0.8197115384615384 0.19951923076923078 0.23076923076923078 0.23317307692307693
1 0.9074519230769231 0.5673076923076923 0.18269230769230768 0.22716346153846154
1 0.7379807692307693 0.5901442307692307 0.20432692307692307 0.20432692307692307
1 0.5096153846153846 0.44471153846153844 0.22115384615384615 0.21875
1 0.4579326923076923 0.6225961538461539 0.21875 0.2536057692307692
1 0.33052884615384615 0.7572115384615384 0.2403846153846154 0.18990384615384615
1 0.4206730769230769 0.8894230769230769 0.24519230769230768 0.21634615384615385
1 0.2920673076923077 0.4723557692307692 0.2860576923076923 0.28725961538461536
1 0.8557692307692307 0.38100961538461536 0.27884615384615385 0.24639423076923078
1 0.49038461538461536 0.26802884615384615 0.22355769230769232 0.21514423076923078
2 0.6658653846153846 0.8545673076923077 0.4423076923076923 0.28725961538461536