2 0.23317307692307693 0.5144230769230769 0.24278846153846154 0.28365384615384615
0 0.7259615384615384 0.625 0.09134615384615384 0.07091346153846154
1 0.47716346153846156 0.296875 0.18990384615384615 0.23557692307692307
1 0.40865384615384615 0.19831730769230768 0.13221153846153846 0.19591346153846154
1 0.6514423076923077 0.3870192307692308 0.16105769230769232 0.17668269230769232
1 0.7620192307692307 0.3798076923076923 0.1971153846153846 0.18990384615384615
1 0.4495192307692308 0.5132211538461539 0.1971153846153846 0.22235576923076922
1 0.4110576923076923 0.6634615384615384 0.1971153846153846 0.22235576923076922
1 0.29927884615384615 0.7776442307692307 0.1971153846153846 0.22235576923076922
1 0.47716346153846156 0.8713942307692307 0.1971153846153846 0.22235576923076922
1 0.6875 0.8533653846153846 0.1971153846153846 0.22235576923076922
1 0.8894230769230769 0.31850961538461536 0.19230769230769232 0.17908653846153846
1 0.90625 0.21394230769230768 0.18269230769230768 0.19230769230769232
1 0.7572115384615384 0.1201923076923077 0.17067307692307693 0.20673076923076922
1 0.22596153846153846 0.17548076923076922 0.21153846153846154 0.2536057692307692
1 0.125 0.2668269230769231 0.18028846153846154 0.24158653846153846
1 0.0733173076923077 0.3942307692307692 0.13942307692307693 0.25600961538461536
1 0.0625 0.5336538461538461 0.125 0.25961538461538464
1 0.056490384615384616 0.65625 0.11298076923076923 0.21634615384615385
1 0.054086538461538464 0.7524038461538461 0.10817307692307693 0.21634615384615385
1 0.08653846153846154 0.8473557692307693 0.13221153846153846 0.21634615384615385
1 0.07451923076923077 0.9387019230769231 0.14903846153846154 0.11778846153846154
1 0.41586538461538464 0.054086538461538464 0.15144230769230768 0.1045673076923077
1 0.5192307692307693 0.078125 0.1466346153846154 0.15264423076923078