1 0.4735576923076923 0.7247596153846154 0.22355769230769232 0.2127403846153846
1 0.6478365384615384 0.7848557692307693 0.17067307692307693 0.19831730769230768
1 0.6262019230769231 0.5745192307692307 0.17067307692307693 0.19831730769230768
1 0.7007211538461539 0.39903846153846156 0.17067307692307693 0.19831730769230768
1 0.3701923076923077 0.6646634615384616 0.14903846153846154 0.16706730769230768
1 0.6959134615384616 0.09254807692307693 0.1875 0.1814903846153846
1 0.41346153846153844 0.09735576923076923 0.21875 0.18990384615384615
1 0.06610576923076923 0.0985576923076923 0.13221153846153846 0.19230769230769232
1 0.9038461538461539 0.7920673076923077 0.1875 0.2091346153846154
1 0.7740384615384616 0.9158653846153846 0.25 0.16466346153846154
1 0.8653846153846154 0.18389423076923078 0.16826923076923078 0.21514423076923078
1 0.9326923076923077 0.4423076923076923 0.12740384615384615 0.2776442307692308
1 0.18870192307692307 0.6971153846153846 0.21394230769230768 0.25600961538461536
1 0.09615384615384616 0.2932692307692308 0.19230769230769232 0.25961538461538464
2 0.25240384615384615 0.37740384615384615 0.2403846153846154 0.27884615384615385
0 0.5060096153846154 0.5540865384615384 0.08173076923076923 0.0829326923076923
0 0.3942307692307692 0.4206730769230769 0.08173076923076923 0.0829326923076923
1 0.7860576923076923 0.41947115384615385 0.1201923076923077 0.17668269230769232