2 0.5829326923076923 0.8257211538461539 0.30528846153846156 0.34375
1 0.35336538461538464 0.6911057692307693 0.23798076923076922 0.20192307692307693
1 0.375 0.9326923076923077 0.18509615384615385 0.1310096153846154
1 0.9158653846153846 0.7319711538461539 0.13221153846153846 0.22716346153846154
1 0.25 0.8425480769230769 0.17067307692307693 0.20673076923076922
1 0.18389423076923078 0.5144230769230769 0.15384615384615385 0.18389423076923078
1 0.5384615384615384 0.5709134615384616 0.15384615384615385 0.18389423076923078
1 0.6298076923076923 0.5685096153846154 0.15384615384615385 0.18389423076923078
1 0.7043269230769231 0.5913461538461539 0.15384615384615385 0.18389423076923078
1 0.7307692307692307 0.6358173076923077 0.15384615384615385 0.18389423076923078
1 0.8076923076923077 0.6814903846153846 0.15384615384615385 0.18389423076923078
1 0.9254807692307693 0.3329326923076923 0.14423076923076922 0.18509615384615385
1 0.9435096153846154 0.5120192307692307 0.10817307692307693 0.22596153846153846
1 0.5552884615384616 0.05889423076923077 0.15384615384615385 0.1141826923076923
1 0.5769230769230769 0.4110576923076923 0.19230769230769232 0.17668269230769232
1 0.3918269230769231 0.19951923076923078 0.15144230769230768 0.1622596153846154
1 0.07692307692307693 0.42427884615384615 0.14903846153846154 0.2644230769230769
1 0.22115384615384615 0.1971153846153846 0.1971153846153846 0.25600961538461536
1 0.09495192307692307 0.7776442307692307 0.18990384615384615 0.25721153846153844
1 0.07572115384615384 0.9086538461538461 0.15144230769230768 0.1778846153846154
1 0.44711538461538464 0.5144230769230769 0.15384615384615385 0.18389423076923078
1 0.45913461538461536 0.36899038461538464 0.15384615384615385 0.18389423076923078