1 0.5012019230769231 0.19951923076923078 0.21875 0.20192307692307693
1 0.7992788461538461 0.12740384615384615 0.18028846153846154 0.20432692307692307
1 0.5240384615384616 0.6814903846153846 0.3173076923076923 0.16706730769230768
1 0.6057692307692307 0.39783653846153844 0.2644230769230769 0.16706730769230768
1 0.6622596153846154 0.8569711538461539 0.2548076923076923 0.18509615384615385
1 0.9194711538461539 0.8786057692307693 0.15625 0.21394230769230768
1 0.3942307692307692 0.36658653846153844 0.22596153846153846 0.22115384615384615
1 0.2704326923076923 0.4375 0.24519230769230768 0.20793269230769232
1 0.16706730769230768 0.25961538461538464 0.2548076923076923 0.21514423076923078
1 0.15745192307692307 0.6694711538461539 0.23557692307692307 0.23076923076923078
1 0.10817307692307693 0.4987980769230769 0.19230769230769232 0.23076923076923078
1 0.25600961538461536 0.07451923076923077 0.21394230769230768 0.14543269230769232
0 0.038461538461538464 0.11298076923076923 0.07692307692307693 0.08653846153846154
2 0.8617788461538461 0.6033653846153846 0.27163461538461536 0.41346153846153844