1 0.1201923076923077 0.13581730769230768 0.2403846153846154 0.19951923076923078
1 0.33413461538461536 0.6754807692307693 0.24278846153846154 0.21634615384615385
1 0.5480769230769231 0.4387019230769231 0.23076923076923078 0.18990384615384615
1 0.6983173076923077 0.2956730769230769 0.17548076923076922 0.21634615384615385
1 0.7475961538461539 0.09134615384615384 0.18990384615384615 0.17908653846153846
1 0.5300480769230769 0.21875 0.19471153846153846 0.20793269230769232
1 0.4098557692307692 0.2704326923076923 0.22115384615384615 0.24639423076923078
1 0.3449519230769231 0.4723557692307692 0.19471153846153846 0.20793269230769232
1 0.9194711538461539 0.8798076923076923 0.15625 0.2403846153846154
1 0.19951923076923078 0.4879807692307692 0.18028846153846154 0.21033653846153846
1 0.3942307692307692 0.8942307692307693 0.19471153846153846 0.20673076923076922
1 0.9447115384615384 0.6334134615384616 0.10576923076923077 0.2764423076923077
2 0.6670673076923077 0.7367788461538461 0.43028846153846156 0.4519230769230769