1 0.5528846153846154 0.7536057692307693 0.20192307692307693 0.2127403846153846
1 0.8149038461538461 0.7163461538461539 0.20192307692307693 0.2127403846153846
1 0.8064903846153846 0.5913461538461539 0.20192307692307693 0.2127403846153846
1 0.7475961538461539 0.3701923076923077 0.19951923076923078 0.17668269230769232
1 0.36899038461538464 0.4879807692307692 0.15625 0.21875
1 0.21754807692307693 0.39903846153846156 0.15625 0.21875
1 0.10697115384615384 0.7908653846153846 0.15625 0.21875
1 0.4567307692307692 0.08774038461538461 0.16826923076923078 0.17067307692307693
1 0.38461538461538464 0.6923076923076923 0.1658653846153846 0.18990384615384615
1 0.5324519230769231 0.3137019230769231 0.17548076923076922 0.21033653846153846
1 0.9411057692307693 0.19230769230769232 0.11298076923076923 0.2403846153846154
1 0.10576923076923077 0.14423076923076922 0.18028846153846154 0.21634615384615385
2 0.71875 0.15264423076923078 0.35096153846153844 0.3004807692307692