1 0.08052884615384616 0.3557692307692308 0.16105769230769232 0.21634615384615385
1 0.35096153846153844 0.10817307692307693 0.24278846153846154 0.2127403846153846
1 0.5985576923076923 0.19951923076923078 0.25240384615384615 0.23317307692307693
1 0.9278846153846154 0.5673076923076923 0.13942307692307693 0.23076923076923078
1 0.8052884615384616 0.5901442307692307 0.22115384615384615 0.20432692307692307
1 0.46875 0.44471153846153844 0.2403846153846154 0.21875
1 0.5492788461538461 0.6225961538461539 0.23798076923076922 0.2536057692307692
1 0.5180288461538461 0.7572115384615384 0.2620192307692308 0.18990384615384615
1 0.7043269230769231 0.8894230769230769 0.2668269230769231 0.21634615384615385
1 0.2704326923076923 0.4723557692307692 0.31009615384615385 0.28725961538461536
1 0.7692307692307693 0.38100961538461536 0.30288461538461536 0.24639423076923078
1 0.31971153846153844 0.26802884615384615 0.24278846153846154 0.21514423076923078
2 0.8413461538461539 0.8533653846153846 0.3125 0.28846153846153844