1 0.7427884615384616 0.7307692307692307 0.25240384615384615 0.27283653846153844
1 0.7115384615384616 0.3401442307692308 0.24519230769230768 0.20793269230769232
1 0.24879807692307693 0.5372596153846154 0.23076923076923078 0.19951923076923078
1 0.5408653846153846 0.5024038461538461 0.2091346153846154 0.1875
1 0.7259615384615384 0.9254807692307693 0.25240384615384615 0.14543269230769232
1 0.2920673076923077 0.7764423076923077 0.20192307692307693 0.21033653846153846
1 0.9507211538461539 0.8461538461538461 0.09375 0.22115384615384615
1 0.875 0.6646634615384616 0.1971153846153846 0.2536057692307692
1 0.7860576923076923 0.0733173076923077 0.18509615384615385 0.14182692307692307
1 0.44350961538461536 0.8894230769230769 0.17548076923076922 0.20793269230769232
0 0.07211538461538461 0.109375 0.0985576923076923 0.09014423076923077
2 0.4495192307692308 0.22235576923076922 0.5 0.4411057692307692