1 0.12740384615384615 0.7067307692307693 0.15865384615384615 0.1935096153846154
1 0.5685096153846154 0.8269230769230769 0.20192307692307693 0.21634615384615385
1 0.9026442307692307 0.5276442307692307 0.18990384615384615 0.2668269230769231
1 0.8305288461538461 0.1875 0.1971153846153846 0.2620192307692308
1 0.6935096153846154 0.08173076923076923 0.17548076923076922 0.15985576923076922
1 0.5949519230769231 0.6177884615384616 0.1658653846153846 0.1935096153846154
1 0.7596153846153846 0.6790865384615384 0.22115384615384615 0.2127403846153846
1 0.9375 0.8185096153846154 0.1201923076923077 0.21394230769230768
1 0.09975961538461539 0.90625 0.15865384615384615 0.18389423076923078
1 0.1778846153846154 0.15504807692307693 0.1658653846153846 0.23076923076923078
1 0.32572115384615385 0.5144230769230769 0.21153846153846154 0.24158653846153846
1 0.2920673076923077 0.7620192307692307 0.1875 0.19591346153846154