1 0.8966346153846154 0.17548076923076922 0.1778846153846154 0.24639423076923078
1 0.9423076923076923 0.32211538461538464 0.11057692307692307 0.20192307692307693
1 0.8762019230769231 0.5036057692307693 0.19230769230769232 0.23798076923076922
1 0.2824519230769231 0.46634615384615385 0.1658653846153846 0.21634615384615385
1 0.5913461538461539 0.15384615384615385 0.13942307692307693 0.22115384615384615
1 0.65625 0.15264423076923078 0.1658653846153846 0.21634615384615385
1 0.18509615384615385 0.8245192307692307 0.19471153846153846 0.25240384615384615
1 0.7836538461538461 0.9182692307692307 0.18990384615384615 0.15865384615384615
1 0.21875 0.12860576923076922 0.1658653846153846 0.21634615384615385
1 0.3112980769230769 0.19951923076923078 0.15384615384615385 0.16826923076923078
1 0.6274038461538461 0.375 0.16346153846153846 0.20793269230769232
2 0.43028846153846156 0.6622596153846154 0.3293269230769231 0.4254807692307692
0 0.8329326923076923 0.7007211538461539 0.052884615384615384 0.08533653846153846