2 0.24158653846153846 0.3605769230769231 0.3942307692307692 0.41225961538461536
1 0.5348557692307693 0.296875 0.22115384615384615 0.22716346153846154
1 0.7728365384615384 0.2620192307692308 0.21394230769230768 0.27524038461538464
1 0.6274038461538461 0.6875 0.22355769230769232 0.30408653846153844
1 0.18028846153846154 0.7007211538461539 0.2091346153846154 0.18990384615384615
1 0.48197115384615385 0.14423076923076922 0.2091346153846154 0.18990384615384615
1 0.6742788461538461 0.0889423076923077 0.2091346153846154 0.17307692307692307
1 0.9375 0.5408653846153846 0.12259615384615384 0.25240384615384615
1 0.7475961538461539 0.7596153846153846 0.1875 0.2439903846153846
1 0.8581730769230769 0.8004807692307693 0.17307692307692307 0.19951923076923078
1 0.8725961538461539 0.4387019230769231 0.18990384615384615 0.23076923076923078
1 0.2956730769230769 0.8641826923076923 0.22115384615384615 0.22115384615384615
1 0.18389423076923078 0.8185096153846154 0.22115384615384615 0.22115384615384615
1 0.8834134615384616 0.08052884615384616 0.19230769230769232 0.15625
1 0.6778846153846154 0.0829326923076923 0.18990384615384615 0.15865384615384615