1 0.10576923076923077 0.9158653846153846 0.21153846153846154 0.16346153846153846
1 0.5168269230769231 0.6165865384615384 0.19230769230769232 0.2247596153846154
1 0.5528846153846154 0.390625 0.19951923076923078 0.1935096153846154
1 0.5300480769230769 0.8954326923076923 0.19951923076923078 0.19110576923076922
1 0.8485576923076923 0.1622596153846154 0.21153846153846154 0.19110576923076922
1 0.9098557692307693 0.5685096153846154 0.17548076923076922 0.19591346153846154
1 0.7427884615384616 0.8485576923076923 0.1778846153846154 0.1935096153846154
1 0.9495192307692307 0.09134615384615384 0.09615384615384616 0.17307692307692307
1 0.234375 0.26802884615384615 0.19230769230769232 0.23557692307692307
1 0.14783653846153846 0.6862980769230769 0.2091346153846154 0.21514423076923078
1 0.2668269230769231 0.7319711538461539 0.19951923076923078 0.17668269230769232
1 0.24879807692307693 0.484375 0.24759615384615385 0.21514423076923078
1 0.4182692307692308 0.3473557692307692 0.18509615384615385 0.1935096153846154
1 0.5048076923076923 0.23798076923076922 0.19951923076923078 0.1875
1 0.4182692307692308 0.17548076923076922 0.23317307692307693 0.20793269230769232
2 0.7355769230769231 0.4639423076923077 0.38461538461538464 0.31850961538461536
0 0.5757211538461539 0.11177884615384616 0.08653846153846154 0.08533653846153846