1 0.38341346153846156 0.6682692307692307 0.24759615384615385 0.1935096153846154
1 0.20552884615384615 0.4483173076923077 0.25961538461538464 0.24639423076923078
1 0.29927884615384615 0.3125 0.23557692307692307 0.2247596153846154
1 0.4423076923076923 0.4098557692307692 0.22596153846153846 0.1935096153846154
1 0.22115384615384615 0.09735576923076923 0.22596153846153846 0.19110576923076922
1 0.5168269230769231 0.8942307692307693 0.24519230769230768 0.20793269230769232
1 0.7379807692307693 0.9230769230769231 0.24278846153846154 0.1502403846153846
1 0.09134615384615384 0.1141826923076923 0.18269230769230768 0.22355769230769232
1 0.19591346153846154 0.8088942307692307 0.20192307692307693 0.22716346153846154
1 0.5540865384615384 0.2439903846153846 0.20432692307692307 0.2247596153846154
1 0.7487980769230769 0.2644230769230769 0.20432692307692307 0.2247596153846154
1 0.8617788461538461 0.375 0.20432692307692307 0.2247596153846154
2 0.7956730769230769 0.65625 0.40384615384615385 0.38461538461538464