2 0.5588942307692307 0.6069711538461539 0.33653846153846156 0.4026442307692308
1 0.8557692307692307 0.2704326923076923 0.20192307692307693 0.21634615384615385
1 0.7704326923076923 0.11298076923076923 0.19230769230769232 0.22235576923076922
1 0.6935096153846154 0.20072115384615385 0.19230769230769232 0.22235576923076922
1 0.6466346153846154 0.33413461538461536 0.15625 0.22716346153846154
1 0.6069711538461539 0.2800480769230769 0.15625 0.22716346153846154
1 0.5685096153846154 0.2512019230769231 0.15625 0.22716346153846154
1 0.5144230769230769 0.23076923076923078 0.15625 0.22716346153846154
1 0.11778846153846154 0.2692307692307692 0.18509615384615385 0.2127403846153846
1 0.0673076923076923 0.1201923076923077 0.1346153846153846 0.21634615384615385
1 0.16105769230769232 0.8786057692307693 0.18509615384615385 0.2127403846153846
1 0.13221153846153846 0.7956730769230769 0.21394230769230768 0.2247596153846154
1 0.8894230769230769 0.6286057692307693 0.21394230769230768 0.2247596153846154
1 0.8221153846153846 0.7560096153846154 0.21394230769230768 0.2247596153846154
1 0.9002403846153846 0.8269230769230769 0.19471153846153846 0.22596153846153846
1 0.53125 0.9254807692307693 0.21153846153846154 0.14543269230769232
1 0.484375 0.056490384615384616 0.15144230769230768 0.10817307692307693
1 0.4182692307692308 0.04927884615384615 0.1466346153846154 0.09375