2 0.30288461538461536 0.6838942307692307 0.31490384615384615 0.30649038461538464
0 0.71875 0.21033653846153846 0.0625 0.07451923076923077
0 0.6658653846153846 0.08413461538461539 0.09134615384615384 0.10216346153846154
0 0.33413461538461536 0.9350961538461539 0.0625 0.07451923076923077
1 0.9050480769230769 0.6658653846153846 0.18509615384615385 0.22115384615384615
1 0.4098557692307692 0.42427884615384615 0.20673076923076922 0.21875
1 0.46153846153846156 0.35697115384615385 0.20673076923076922 0.21875
1 0.5649038461538461 0.390625 0.20673076923076922 0.21875
1 0.6346153846153846 0.3798076923076923 0.20673076923076922 0.21875
1 0.7091346153846154 0.42788461538461536 0.20673076923076922 0.21875
1 0.7680288461538461 0.44471153846153844 0.20673076923076922 0.21875
1 0.8713942307692307 0.3942307692307692 0.20673076923076922 0.21875
1 0.22596153846153846 0.11057692307692307 0.20673076923076922 0.21634615384615385
1 0.38822115384615385 0.11057692307692307 0.20673076923076922 0.21634615384615385
1 0.5132211538461539 0.1658653846153846 0.20673076923076922 0.21875
1 0.08533653846153846 0.5144230769230769 0.17067307692307693 0.27403846153846156
1 0.6995192307692307 0.9134615384615384 0.2091346153846154 0.16826923076923078