1 0.5228365384615384 0.43028846153846156 0.20432692307692307 0.21514423076923078
1 0.2800480769230769 0.8125 0.18028846153846154 0.19591346153846154
1 0.09735576923076923 0.5060096153846154 0.19471153846153846 0.21394230769230768
1 0.9170673076923077 0.7055288461538461 0.16105769230769232 0.22355769230769232
1 0.3076923076923077 0.4014423076923077 0.1971153846153846 0.22235576923076922
1 0.8245192307692307 0.4807692307692308 0.1971153846153846 0.22235576923076922
1 0.5685096153846154 0.9098557692307693 0.20192307692307693 0.17668269230769232
1 0.6430288461538461 0.3401442307692308 0.20192307692307693 0.17908653846153846
1 0.31490384615384615 0.09735576923076923 0.21394230769230768 0.19110576923076922
1 0.49399038461538464 0.07211538461538461 0.25961538461538464 0.13942307692307693
1 0.7247596153846154 0.12139423076923077 0.20673076923076922 0.23798076923076922
2 0.7163461538461539 0.7211538461538461 0.4206730769230769 0.4170673076923077
2 0.43509615384615385 0.6370192307692307 0.2980769230769231 0.3004807692307692