1 0.3545673076923077 0.10216346153846154 0.2283653846153846 0.19951923076923078
1 0.22235576923076922 0.9158653846153846 0.21875 0.16466346153846154
1 0.9026442307692307 0.6141826923076923 0.17307692307692307 0.22115384615384615
1 0.13221153846153846 0.3088942307692308 0.22115384615384615 0.17307692307692307
1 0.4050480769230769 0.3798076923076923 0.2283653846153846 0.20192307692307693
1 0.13942307692307693 0.7764423076923077 0.2283653846153846 0.20192307692307693
1 0.4254807692307692 0.7463942307692307 0.21394230769230768 0.21514423076923078
1 0.9086538461538461 0.16826923076923078 0.1778846153846154 0.25
1 0.9375 0.3329326923076923 0.1201923076923077 0.20432692307692307
0 0.49399038461538464 0.22355769230769232 0.0673076923076923 0.07692307692307693
2 0.6538461538461539 0.7391826923076923 0.3894230769230769 0.3786057692307692