1 0.7295673076923077 0.26802884615384615 0.21153846153846154 0.2608173076923077
1 0.53125 0.23918269230769232 0.19230769230769232 0.17548076923076922
1 0.8389423076923077 0.47836538461538464 0.1875 0.30649038461538464
1 0.6454326923076923 0.6682692307692307 0.18028846153846154 0.21514423076923078
1 0.2776442307692308 0.08533653846153846 0.20192307692307693 0.16706730769230768
1 0.6899038461538461 0.9254807692307693 0.13701923076923078 0.14423076923076922
1 0.36658653846153844 0.8401442307692307 0.23557692307692307 0.22115384615384615
1 0.5180288461538461 0.8028846153846154 0.15865384615384615 0.19831730769230768
1 0.09375 0.4110576923076923 0.18028846153846154 0.23076923076923078
1 0.9146634615384616 0.15985576923076922 0.1658653846153846 0.23317307692307693
1 0.8786057692307693 0.9074519230769231 0.13221153846153846 0.1814903846153846
2 0.44471153846153844 0.5264423076923077 0.3605769230769231 0.3641826923076923
1 0.23918269230769232 0.5 0.19230769230769232 0.17548076923076922
1 0.2776442307692308 0.7463942307692307 0.2283653846153846 0.22716346153846154