1 0.39903846153846156 0.25240384615384615 0.15384615384615385 0.21634615384615385
1 0.08173076923076923 0.35216346153846156 0.15144230769230768 0.21634615384615385
1 0.2536057692307692 0.12860576923076922 0.22355769230769232 0.25240384615384615
1 0.38341346153846156 0.47716346153846156 0.16105769230769232 0.24158653846153846
1 0.36899038461538464 0.9194711538461539 0.1658653846153846 0.15625
1 0.23677884615384615 0.7932692307692307 0.20673076923076922 0.23557692307692307
1 0.8137019230769231 0.3870192307692308 0.1658653846153846 0.21033653846153846
1 0.9014423076923077 0.5396634615384616 0.19230769230769232 0.25721153846153844
1 0.6610576923076923 0.5252403846153846 0.16826923076923078 0.2127403846153846
1 0.5480769230769231 0.8930288461538461 0.20673076923076922 0.21033653846153846
1 0.6514423076923077 0.21033653846153846 0.1875 0.2247596153846154
0 0.8485576923076923 0.20673076923076922 0.0625 0.0829326923076923
2 0.8076923076923077 0.8197115384615384 0.3605769230769231 0.3557692307692308