1 0.07211538461538461 0.24278846153846154 0.14423076923076922 0.20192307692307693
1 0.10697115384615384 0.44471153846153844 0.21394230769230768 0.19230769230769232
1 0.2848557692307692 0.6334134615384616 0.23798076923076922 0.2127403846153846
1 0.23197115384615385 0.78125 0.24519230769230768 0.19951923076923078
1 0.44471153846153844 0.8161057692307693 0.24278846153846154 0.17548076923076922
1 0.5889423076923077 0.8185096153846154 0.25 0.19591346153846154
1 0.7764423076923077 0.8401442307692307 0.2283653846153846 0.22956730769230768
1 0.890625 0.8233173076923077 0.21394230769230768 0.17548076923076922
1 0.8329326923076923 0.625 0.21634615384615385 0.2247596153846154
1 0.8713942307692307 0.5240384615384616 0.25240384615384615 0.16346153846153846
1 0.7788461538461539 0.3485576923076923 0.2668269230769231 0.16826923076923078
1 0.47716346153846156 0.19831730769230768 0.23798076923076922 0.19951923076923078
1 0.7019230769230769 0.12259615384615384 0.24519230769230768 0.24158653846153846
1 0.2932692307692308 0.3112980769230769 0.25961538461538464 0.2776442307692308
2 0.5456730769230769 0.49038461538461536 0.4831730769230769 0.4567307692307692