1 0.7271634615384616 0.6598557692307693 0.3269230769230769 0.17908653846153846
1 0.546875 0.3449519230769231 0.20432692307692307 0.17668269230769232
1 0.2860576923076923 0.3016826923076923 0.21634615384615385 0.17908653846153846
1 0.4362980769230769 0.4098557692307692 0.21634615384615385 0.17908653846153846
1 0.6310096153846154 0.296875 0.21153846153846154 0.23076923076923078
1 0.29927884615384615 0.5012019230769231 0.21153846153846154 0.21033653846153846
1 0.6814903846153846 0.8209134615384616 0.21634615384615385 0.17908653846153846
1 0.8064903846153846 0.8665865384615384 0.21634615384615385 0.17908653846153846
1 0.8966346153846154 0.78125 0.20192307692307693 0.23076923076923078
1 0.0889423076923077 0.49759615384615385 0.1778846153846154 0.1875
1 0.21153846153846154 0.890625 0.15144230769230768 0.21033653846153846
1 0.026442307692307692 0.11658653846153846 0.052884615384615384 0.16105769230769232
1 0.9350961538461539 0.5637019230769231 0.125 0.18028846153846154
1 0.8341346153846154 0.24639423076923078 0.1778846153846154 0.17668269230769232
1 0.6526442307692307 0.06850961538461539 0.21634615384615385 0.13341346153846154
1 0.2932692307692308 0.6418269230769231 0.21875 0.21634615384615385
2 0.4807692307692308 0.890625 0.31971153846153844 0.21514423076923078
0 0.12860576923076922 0.5877403846153846 0.06490384615384616 0.054086538461538464