1 0.49759615384615385 0.6322115384615384 0.14423076923076922 0.18990384615384615
1 0.8473557692307693 0.4483173076923077 0.23557692307692307 0.19951923076923078
1 0.6189903846153846 0.6213942307692307 0.19230769230769232 0.23076923076923078
1 0.3317307692307692 0.4723557692307692 0.24519230769230768 0.28725961538461536
1 0.1466346153846154 0.3161057692307692 0.125 0.20432692307692307
1 0.7355769230769231 0.8016826923076923 0.125 0.20432692307692307
1 0.9326923076923077 0.23557692307692307 0.12980769230769232 0.20192307692307693
1 0.1814903846153846 0.078125 0.19951923076923078 0.15264423076923078
1 0.4411057692307692 0.31490384615384615 0.1971153846153846 0.1875
2 0.6658653846153846 0.23076923076923078 0.36538461538461536 0.3233173076923077
0 0.3473557692307692 0.08052884615384616 0.057692307692307696 0.06850961538461539
1 0.6033653846153846 0.8040865384615384 0.18028846153846154 0.19951923076923078