1 0.7632211538461539 0.640625 0.23317307692307693 0.1814903846153846
1 0.375 0.3161057692307692 0.23076923076923078 0.25
1 0.09735576923076923 0.5588942307692307 0.19471153846153846 0.25240384615384615
1 0.9651442307692307 0.2127403846153846 0.06490384615384616 0.25240384615384615
1 0.8737980769230769 0.2608173076923077 0.24759615384615385 0.24158653846153846
1 0.8533653846153846 0.40865384615384615 0.24759615384615385 0.24158653846153846
1 0.8004807692307693 0.8329326923076923 0.21875 0.2247596153846154
1 0.5757211538461539 0.09134615384615384 0.23317307692307693 0.17908653846153846
0 0.9230769230769231 0.5192307692307693 0.10817307692307693 0.09615384615384616
0 0.6814903846153846 0.4855769230769231 0.10576923076923077 0.0829326923076923
2 0.3293269230769231 0.7247596153846154 0.6490384615384616 0.5456730769230769