1 0.48197115384615385 0.8473557692307693 0.23317307692307693 0.19831730769230768
1 0.5288461538461539 0.6947115384615384 0.15865384615384615 0.18990384615384615
1 0.7512019230769231 0.8185096153846154 0.19951923076923078 0.20432692307692307
1 0.6754807692307693 0.21514423076923078 0.17548076923076922 0.20432692307692307
1 0.46274038461538464 0.27524038461538464 0.18028846153846154 0.1875
1 0.49038461538461536 0.43149038461538464 0.16346153846153846 0.17908653846153846
1 0.3293269230769231 0.17427884615384615 0.21634615384615385 0.23557692307692307
1 0.7932692307692307 0.09975961538461539 0.15865384615384615 0.19591346153846154
1 0.8810096153846154 0.10576923076923077 0.1971153846153846 0.20673076923076922
1 0.6790865384615384 0.5745192307692307 0.24759615384615385 0.2439903846153846
1 0.6754807692307693 0.39663461538461536 0.18990384615384615 0.1935096153846154
1 0.2536057692307692 0.8088942307692307 0.1971153846153846 0.2620192307692308
1 0.8762019230769231 0.47716346153846156 0.1778846153846154 0.22115384615384615
2 0.09975961538461539 0.6850961538461539 0.19951923076923078 0.4423076923076923