2 0.20192307692307693 0.17427884615384615 0.40384615384615385 0.34375
1 0.5108173076923077 0.15144230769230768 0.20432692307692307 0.1935096153846154
1 0.15504807692307693 0.5024038461538461 0.18990384615384615 0.25
1 0.640625 0.08413461538461539 0.18028846153846154 0.16466346153846154
1 0.8317307692307693 0.6418269230769231 0.1778846153846154 0.16706730769230768
1 0.7151442307692307 0.3016826923076923 0.1778846153846154 0.16706730769230768
1 0.6622596153846154 0.30649038461538464 0.18509615384615385 0.20793269230769232
1 0.4050480769230769 0.17427884615384615 0.18509615384615385 0.22716346153846154
1 0.9555288461538461 0.7704326923076923 0.08413461538461539 0.20432692307692307
1 0.8942307692307693 0.7091346153846154 0.18509615384615385 0.20192307692307693
1 0.6550480769230769 0.5588942307692307 0.12740384615384615 0.17067307692307693
1 0.5757211538461539 0.5336538461538461 0.1346153846153846 0.19591346153846154
1 0.6274038461538461 0.7632211538461539 0.23798076923076922 0.22716346153846154
1 0.6814903846153846 0.9278846153846154 0.21394230769230768 0.13942307692307693
1 0.7247596153846154 0.8293269230769231 0.21153846153846154 0.23317307692307693
1 0.4182692307692308 0.9002403846153846 0.21875 0.19591346153846154
1 0.1658653846153846 0.7896634615384616 0.19951923076923078 0.2620192307692308
1 0.3485576923076923 0.5588942307692307 0.18990384615384615 0.21634615384615385
1 0.7884615384615384 0.4495192307692308 0.2091346153846154 0.22956730769230768