1 0.25240384615384615 0.19591346153846154 0.18028846153846154 0.17067307692307693
1 0.08413461538461539 0.25240384615384615 0.16826923076923078 0.17307692307692307
1 0.45913461538461536 0.11177884615384616 0.12980769230769232 0.20673076923076922
1 0.11778846153846154 0.7055288461538461 0.1971153846153846 0.21875
1 0.2283653846153846 0.5444711538461539 0.1971153846153846 0.21875
1 0.8762019230769231 0.5324519230769231 0.1971153846153846 0.21875
1 0.7704326923076923 0.5588942307692307 0.1971153846153846 0.21875
1 0.5240384615384616 0.49278846153846156 0.15865384615384615 0.16826923076923078
1 0.1622596153846154 0.9014423076923077 0.19951923076923078 0.1935096153846154
1 0.90625 0.75 0.1346153846153846 0.21634615384615385
1 0.9038461538461539 0.18028846153846154 0.16826923076923078 0.25600961538461536
1 0.6658653846153846 0.07572115384615384 0.16346153846153846 0.14783653846153846
0 0.38341346153846156 0.8040865384615384 0.06490384615384616 0.08774038461538461
0 0.8617788461538461 0.8737980769230769 0.06971153846153846 0.10216346153846154
2 0.5685096153846154 0.8185096153846154 0.33653846153846156 0.3581730769230769