1 0.6658653846153846 0.6538461538461539 0.1971153846153846 0.2536057692307692
1 0.8389423076923077 0.6995192307692307 0.21153846153846154 0.24759615384615385
1 0.4423076923076923 0.4495192307692308 0.22115384615384615 0.28725961538461536
1 0.09134615384615384 0.23918269230769232 0.18269230769230768 0.21875
1 0.5661057692307693 0.7824519230769231 0.18509615384615385 0.21033653846153846
1 0.8197115384615384 0.9242788461538461 0.18028846153846154 0.14783653846153846
1 0.18269230769230768 0.5360576923076923 0.18509615384615385 0.21033653846153846
1 0.18629807692307693 0.8221153846153846 0.22596153846153846 0.23918269230769232
1 0.9242788461538461 0.5324519230769231 0.1466346153846154 0.2283653846153846
1 0.2247596153846154 0.23076923076923078 0.16346153846153846 0.19831730769230768
1 0.3629807692307692 0.6947115384615384 0.18509615384615385 0.21033653846153846
2 0.5492788461538461 0.17548076923076922 0.37740384615384615 0.34615384615384615