1 0.48677884615384615 0.9002403846153846 0.2283653846153846 0.19591346153846154
1 0.7403846153846154 0.34975961538461536 0.19471153846153846 0.19591346153846154
1 0.9302884615384616 0.44471153846153844 0.1346153846153846 0.20192307692307693
1 0.5324519230769231 0.49399038461538464 0.15144230769230768 0.19951923076923078
1 0.3161057692307692 0.9014423076923077 0.14423076923076922 0.1935096153846154
1 0.4050480769230769 0.6887019230769231 0.13701923076923078 0.17668269230769232
1 0.14783653846153846 0.09615384615384616 0.19471153846153846 0.1875
1 0.24278846153846154 0.5829326923076923 0.15625 0.17908653846153846
1 0.9206730769230769 0.6346153846153846 0.15384615384615385 0.1814903846153846
1 0.9242788461538461 0.8221153846153846 0.125 0.1814903846153846
1 0.6322115384615384 0.4963942307692308 0.12980769230769232 0.15625
2 0.453125 0.23557692307692307 0.23317307692307693 0.2668269230769231
0 0.4362980769230769 0.4338942307692308 0.04807692307692308 0.06009615384615385
0 0.8245192307692307 0.4879807692307692 0.04807692307692308 0.06009615384615385