1 0.47596153846153844 0.6802884615384616 0.22355769230769232 0.21875
1 0.3004807692307692 0.6153846153846154 0.19951923076923078 0.21514423076923078
1 0.43149038461538464 0.4338942307692308 0.19951923076923078 0.21514423076923078
1 0.18389423076923078 0.3894230769230769 0.23076923076923078 0.2247596153846154
1 0.8197115384615384 0.31490384615384615 0.23076923076923078 0.2247596153846154
1 0.17668269230769232 0.11899038461538461 0.23076923076923078 0.2247596153846154
1 0.6550480769230769 0.328125 0.2668269230769231 0.23557692307692307
1 0.5829326923076923 0.375 0.33413461538461536 0.18389423076923078
1 0.7139423076923077 0.6213942307692307 0.2956730769230769 0.20793269230769232
1 0.8762019230769231 0.7067307692307693 0.23557692307692307 0.22115384615384615
1 0.9302884615384616 0.9146634615384616 0.1346153846153846 0.17067307692307693
2 0.3088942307692308 0.8533653846153846 0.39663461538461536 0.28966346153846156