1 0.1971153846153846 0.33774038461538464 0.23317307692307693 0.23317307692307693
1 0.13341346153846154 0.5685096153846154 0.23317307692307693 0.23317307692307693
1 0.8317307692307693 0.7908653846153846 0.21394230769230768 0.23557692307692307
1 0.14543269230769232 0.7692307692307693 0.20673076923076922 0.19591346153846154
1 0.6442307692307693 0.21514423076923078 0.20673076923076922 0.19591346153846154
1 0.37259615384615385 0.6490384615384616 0.20673076923076922 0.15985576923076922
1 0.6598557692307693 0.6298076923076923 0.20673076923076922 0.15985576923076922
1 0.6057692307692307 0.38822115384615385 0.20673076923076922 0.15985576923076922
1 0.5096153846153846 0.08173076923076923 0.20673076923076922 0.15865384615384615
1 0.5372596153846154 0.8245192307692307 0.20673076923076922 0.18389423076923078
1 0.8557692307692307 0.30649038461538464 0.20673076923076922 0.18389423076923078
1 0.34134615384615385 0.3329326923076923 0.21634615384615385 0.22115384615384615
1 0.23798076923076922 0.8689903846153846 0.23798076923076922 0.21634615384615385
1 0.5408653846153846 0.6598557692307693 0.15144230769230768 0.1502403846153846
2 0.8858173076923077 0.5360576923076923 0.22355769230769232 0.24519230769230768
0 0.10576923076923077 0.6490384615384616 0.052884615384615384 0.056490384615384616