1 0.8125 0.3942307692307692 0.23317307692307693 0.18389423076923078
1 0.9519230769230769 0.09254807692307693 0.09134615384615384 0.18509615384615385
1 0.38100961538461536 0.8557692307692307 0.23317307692307693 0.18509615384615385
1 0.30528846153846156 0.1971153846153846 0.24278846153846154 0.25240384615384615
1 0.22596153846153846 0.7475961538461539 0.24278846153846154 0.2536057692307692
1 0.46153846153846156 0.08413461538461539 0.23557692307692307 0.16466346153846154
1 0.7692307692307693 0.6298076923076923 0.21153846153846154 0.15985576923076922
1 0.6274038461538461 0.8341346153846154 0.24759615384615385 0.23557692307692307
1 0.12259615384615384 0.6802884615384616 0.1971153846153846 0.2439903846153846
1 0.6754807692307693 0.6358173076923077 0.20432692307692307 0.17548076923076922
1 0.9591346153846154 0.3125 0.07692307692307693 0.25961538461538464
2 0.6442307692307693 0.3004807692307692 0.5192307692307693 0.46274038461538464