1 0.578125 0.32211538461538464 0.15625 0.18509615384615385
1 0.4387019230769231 0.7824519230769231 0.1875 0.23918269230769232
1 0.2956730769230769 0.2403846153846154 0.20673076923076922 0.25600961538461536
1 0.1935096153846154 0.10697115384615384 0.13221153846153846 0.14783653846153846
1 0.4879807692307692 0.14182692307692307 0.17307692307692307 0.2247596153846154
1 0.75 0.296875 0.14903846153846154 0.1935096153846154
1 0.9182692307692307 0.7548076923076923 0.15865384615384615 0.22596153846153846
1 0.9350961538461539 0.5456730769230769 0.125 0.21153846153846154
1 0.8004807692307693 0.5745192307692307 0.15625 0.19831730769230768
1 0.9086538461538461 0.32211538461538464 0.1658653846153846 0.19831730769230768
1 0.8341346153846154 0.9387019230769231 0.16826923076923078 0.11899038461538461
1 0.7920673076923077 0.7620192307692307 0.17067307692307693 0.20432692307692307
1 0.07932692307692307 0.4495192307692308 0.15865384615384615 0.2403846153846154
1 0.5276442307692307 0.42908653846153844 0.17067307692307693 0.21634615384615385
2 0.2091346153846154 0.6057692307692307 0.375 0.44591346153846156
0 0.40024038461538464 0.29086538461538464 0.0673076923076923 0.07692307692307693