1 0.5841346153846154 0.7932692307692307 0.171875 0.1502403846153846
1 0.3125 0.3798076923076923 0.171875 0.23918269230769232
1 0.5252403846153846 0.35336538461538464 0.171875 0.23918269230769232
1 0.14783653846153846 0.4519230769230769 0.18269230769230768 0.24158653846153846
1 0.5913461538461539 0.10817307692307693 0.18028846153846154 0.2127403846153846
1 0.8293269230769231 0.6971153846153846 0.1310096153846154 0.20192307692307693
1 0.18629807692307693 0.9182692307692307 0.14423076923076922 0.15865384615384615
1 0.4254807692307692 0.9182692307692307 0.18629807692307693 0.15865384615384615
1 0.8786057692307693 0.23798076923076922 0.16105769230769232 0.22956730769230768
1 0.9362980769230769 0.17307692307692307 0.12379807692307693 0.2620192307692308
2 0.40865384615384615 0.6358173076923077 0.22596153846153846 0.28725961538461536
0 0.5024038461538461 0.4891826923076923 0.04567307692307692 0.07451923076923077