2 0.7800480769230769 0.7524038461538461 0.2091346153846154 0.24639423076923078
1 0.35697115384615385 0.34615384615384615 0.18028846153846154 0.24639423076923078
1 0.48197115384615385 0.2800480769230769 0.1778846153846154 0.18990384615384615
1 0.4675480769230769 0.45913461538461536 0.1778846153846154 0.18990384615384615
1 0.4987980769230769 0.5096153846153846 0.1778846153846154 0.18990384615384615
1 0.8978365384615384 0.39783653846153844 0.18509615384615385 0.2536057692307692
1 0.9266826923076923 0.5084134615384616 0.14182692307692307 0.22355769230769232
1 0.8233173076923077 0.5576923076923077 0.15144230769230768 0.21875
1 0.7680288461538461 0.4963942307692308 0.15144230769230768 0.21875
1 0.7067307692307693 0.47836538461538464 0.15144230769230768 0.21875
1 0.6262019230769231 0.4338942307692308 0.15144230769230768 0.21875
1 0.8449519230769231 0.1778846153846154 0.15144230769230768 0.21875
1 0.7776442307692307 0.16346153846153846 0.15144230769230768 0.21875
1 0.6346153846153846 0.140625 0.15144230769230768 0.21875
1 0.2608173076923077 0.8882211538461539 0.15144230769230768 0.18509615384615385
1 0.11899038461538461 0.7596153846153846 0.15144230769230768 0.18509615384615385
1 0.07211538461538461 0.25240384615384615 0.14423076923076922 0.1875
1 0.0889423076923077 0.3894230769230769 0.17548076923076922 0.2127403846153846
1 0.13221153846153846 0.46274038461538464 0.17548076923076922 0.2127403846153846
1 0.10697115384615384 0.09014423076923077 0.17307692307692307 0.15865384615384615
1 0.21033653846153846 0.10576923076923077 0.17307692307692307 0.15865384615384615
1 0.23557692307692307 0.14423076923076922 0.17307692307692307 0.15865384615384615
1 0.9350961538461539 0.8088942307692307 0.125 0.22355769230769232
1 0.640625 0.953125 0.16346153846153846 0.09014423076923077
1 0.3942307692307692 0.7463942307692307 0.1971153846153846 0.22115384615384615
1 0.3269230769230769 0.6129807692307693 0.1971153846153846 0.22115384615384615
1 0.24639423076923078 0.5769230769230769 0.1971153846153846 0.22115384615384615
0 0.21514423076923078 0.27884615384615385 0.07451923076923077 0.09615384615384616
0 0.5588942307692307 0.17067307692307693 0.057692307692307696 0.07932692307692307
1 0.09495192307692307 0.6201923076923077 0.17548076923076922 0.20673076923076922