1 0.6262019230769231 0.4951923076923077 0.19951923076923078 0.17307692307692307
1 0.44350961538461536 0.640625 0.19951923076923078 0.17307692307692307
1 0.45913461538461536 0.46274038461538464 0.1875 0.19951923076923078
1 0.5060096153846154 0.09254807692307693 0.1875 0.1814903846153846
1 0.30649038461538464 0.11177884615384616 0.19230769230769232 0.21875
1 0.5985576923076923 0.23076923076923078 0.2091346153846154 0.2127403846153846
1 0.9074519230769231 0.1622596153846154 0.18028846153846154 0.2091346153846154
1 0.078125 0.6995192307692307 0.15625 0.20192307692307693
1 0.35216346153846156 0.8641826923076923 0.1875 0.19951923076923078
1 0.8822115384615384 0.30408653846153844 0.1875 0.19951923076923078
1 0.8137019230769231 0.07091346153846154 0.12259615384615384 0.13701923076923078
1 0.04927884615384615 0.921875 0.0985576923076923 0.15625
1 0.27403846153846156 0.6670673076923077 0.15625 0.17067307692307693
1 0.21394230769230768 0.8762019230769231 0.13221153846153846 0.15985576923076922
2 0.5348557692307693 0.8413461538461539 0.27163461538461536 0.24158653846153846
0 0.5661057692307693 0.671875 0.07692307692307693 0.09375
0 0.46634615384615385 0.2283653846153846 0.07692307692307693 0.09375