1 0.6634615384615384 0.8137019230769231 0.21153846153846154 0.20192307692307693
1 0.828125 0.46153846153846156 0.21153846153846154 0.20192307692307693
1 0.021634615384615384 0.8990384615384616 0.04326923076923077 0.20192307692307693
1 0.07211538461538461 0.6286057692307693 0.14423076923076922 0.20432692307692307
1 0.23197115384615385 0.3425480769230769 0.21153846153846154 0.20192307692307693
1 0.71875 0.22235576923076922 0.2403846153846154 0.20673076923076922
1 0.9074519230769231 0.4254807692307692 0.18028846153846154 0.2692307692307692
1 0.5240384615384616 0.37740384615384615 0.22115384615384615 0.17548076923076922
1 0.5528846153846154 0.6418269230769231 0.21394230769230768 0.1875
1 0.7752403846153846 0.09615384615384616 0.21634615384615385 0.1875
0 0.4807692307692308 0.06610576923076923 0.09375 0.09014423076923077
0 0.9807692307692307 0.16346153846153846 0.03365384615384615 0.0673076923076923
0 0.15745192307692307 0.4807692307692308 0.08413461538461539 0.07932692307692307
0 0.06129807692307692 0.8605769230769231 0.09375 0.07451923076923077
0 0.265625 0.9723557692307693 0.07932692307692307 0.051682692307692304
2 0.2668269230769231 0.6754807692307693 0.5024038461538461 0.46033653846153844