1 0.6838942307692307 0.17067307692307693 0.2283653846153846 0.21634615384615385
1 0.8197115384615384 0.4026442307692308 0.22596153846153846 0.25240384615384615
1 0.6165865384615384 0.7944711538461539 0.22596153846153846 0.25240384615384615
1 0.8762019230769231 0.8425480769230769 0.21634615384615385 0.18509615384615385
1 0.8221153846153846 0.8677884615384616 0.21634615384615385 0.18509615384615385
1 0.9555288461538461 0.6646634615384616 0.08413461538461539 0.21875
1 0.4014423076923077 0.6286057692307693 0.19471153846153846 0.19951923076923078
1 0.2439903846153846 0.3894230769230769 0.22596153846153846 0.19951923076923078
1 0.10817307692307693 0.10096153846153846 0.21634615384615385 0.20192307692307693
1 0.3581730769230769 0.15384615384615385 0.22596153846153846 0.19951923076923078
1 0.08653846153846154 0.22355769230769232 0.17307692307692307 0.23076923076923078
2 0.5480769230769231 0.4675480769230769 0.4735576923076923 0.4266826923076923