1 0.28365384615384615 0.27163461538461536 0.20192307692307693 0.23918269230769232
1 0.5492788461538461 0.2764423076923077 0.20192307692307693 0.23918269230769232
1 0.7163461538461539 0.1310096153846154 0.27163461538461536 0.21634615384615385
1 0.875 0.1310096153846154 0.21153846153846154 0.1875
1 0.8810096153846154 0.30408653846153844 0.21153846153846154 0.1875
1 0.7307692307692307 0.32091346153846156 0.21153846153846154 0.1875
1 0.7536057692307693 0.5024038461538461 0.21875 0.21634615384615385
1 0.5528846153846154 0.8329326923076923 0.21875 0.21634615384615385
1 0.5949519230769231 0.5144230769230769 0.21875 0.21634615384615385
1 0.15504807692307693 0.8846153846153846 0.31009615384615385 0.20192307692307693
2 0.30288461538461536 0.5757211538461539 0.40384615384615385 0.4483173076923077