1 0.5865384615384616 0.3762019230769231 0.22355769230769232 0.21033653846153846
1 0.6442307692307693 0.6514423076923077 0.22355769230769232 0.21033653846153846
1 0.7560096153846154 0.8425480769230769 0.22355769230769232 0.21033653846153846
1 0.2403846153846154 0.2620192307692308 0.22355769230769232 0.21033653846153846
1 0.07451923076923077 0.12139423076923077 0.14903846153846154 0.17067307692307693
1 0.33653846153846156 0.6237980769230769 0.20192307692307693 0.20673076923076922
1 0.23197115384615385 0.6682692307692307 0.20192307692307693 0.20673076923076922
1 0.3786057692307692 0.8209134615384616 0.21153846153846154 0.19110576923076922
1 0.7475961538461539 0.2644230769230769 0.21153846153846154 0.19110576923076922
1 0.8269230769230769 0.6346153846153846 0.24519230769230768 0.21033653846153846
1 0.9002403846153846 0.4651442307692308 0.19471153846153846 0.25721153846153844
1 0.5132211538461539 0.11057692307692307 0.21153846153846154 0.19110576923076922
1 0.5829326923076923 0.13341346153846154 0.21153846153846154 0.19110576923076922
1 0.9399038461538461 0.7776442307692307 0.11538461538461539 0.19471153846153846
2 0.11658653846153846 0.390625 0.23317307692307693 0.44471153846153844
0 0.29447115384615385 0.4723557692307692 0.07692307692307693 0.09735576923076923