2 0.24759615384615385 0.3233173076923077 0.3942307692307692 0.40024038461538464
2 0.6862980769230769 0.24639423076923078 0.5913461538461539 0.4519230769230769
1 0.36658653846153844 0.4338942307692308 0.22355769230769232 0.24759615384615385
1 0.14543269230769232 0.6033653846153846 0.22115384615384615 0.21875
1 0.06610576923076923 0.734375 0.13221153846153846 0.18509615384615385
1 0.4675480769230769 0.5637019230769231 0.18269230769230768 0.1814903846153846
1 0.5360576923076923 0.5360576923076923 0.18269230769230768 0.1814903846153846
1 0.3762019230769231 0.765625 0.18269230769230768 0.1814903846153846
1 0.44350961538461536 0.7536057692307693 0.18269230769230768 0.1814903846153846
1 0.4987980769230769 0.7427884615384616 0.18269230769230768 0.1814903846153846
1 0.6153846153846154 0.9278846153846154 0.20432692307692307 0.13942307692307693
1 0.4098557692307692 0.9266826923076923 0.25240384615384615 0.14182692307692307
1 0.21634615384615385 0.9543269230769231 0.2403846153846154 0.08774038461538461
1 0.6490384615384616 0.7235576923076923 0.28846153846153844 0.21875
1 0.9447115384615384 0.3942307692307692 0.10576923076923077 0.23076923076923078
1 0.9242788461538461 0.546875 0.1466346153846154 0.18509615384615385
1 0.8401442307692307 0.7536057692307693 0.15865384615384615 0.17668269230769232