2 0.8665865384615384 0.4543269230769231 0.2620192307692308 0.2980769230769231
1 0.6887019230769231 0.3557692307692308 0.20673076923076922 0.25240384615384615
1 0.7427884615384616 0.6538461538461539 0.15625 0.22115384615384615
1 0.6646634615384616 0.6454326923076923 0.15625 0.22115384615384615
1 0.7115384615384616 0.7896634615384616 0.1346153846153846 0.17908653846153846
1 0.43028846153846156 0.32572115384615385 0.18028846153846154 0.22235576923076922
1 0.3076923076923077 0.08173076923076923 0.20673076923076922 0.15985576923076922
1 0.25240384615384615 0.08173076923076923 0.20673076923076922 0.15985576923076922
1 0.3112980769230769 0.39663461538461536 0.1875 0.21033653846153846
1 0.21033653846153846 0.4963942307692308 0.1875 0.21033653846153846
1 0.4495192307692308 0.5300480769230769 0.22596153846153846 0.21514423076923078
1 0.10817307692307693 0.09735576923076923 0.19230769230769232 0.19110576923076922
1 0.8737980769230769 0.22235576923076922 0.14423076923076922 0.21514423076923078
1 0.96875 0.7355769230769231 0.057692307692307696 0.2692307692307692
1 0.5348557692307693 0.9146634615384616 0.2548076923076923 0.16706730769230768
1 0.11899038461538461 0.39903846153846156 0.1875 0.21033653846153846
1 0.1201923076923077 0.3088942307692308 0.1875 0.21033653846153846
1 0.11057692307692307 0.19110576923076922 0.1875 0.21033653846153846
1 0.018028846153846152 0.15384615384615385 0.036057692307692304 0.21153846153846154
1 0.171875 0.8377403846153846 0.22115384615384615 0.2956730769230769
1 0.28846153846153844 0.7980769230769231 0.21875 0.25841346153846156
0 0.49038461538461536 0.7620192307692307 0.08173076923076923 0.09615384615384616
0 0.4014423076923077 0.7728365384615384 0.08173076923076923 0.09615384615384616
0 0.5949519230769231 0.9038461538461539 0.08173076923076923 0.09615384615384616
1 0.5012019230769231 0.6334134615384616 0.21394230769230768 0.22115384615384615