2 0.7007211538461539 0.6213942307692307 0.3269230769230769 0.3545673076923077
1 0.8737980769230769 0.5432692307692307 0.1466346153846154 0.2536057692307692
1 0.24759615384615385 0.22355769230769232 0.1778846153846154 0.23918269230769232
1 0.07932692307692307 0.18870192307692307 0.15865384615384615 0.24278846153846154
1 0.16105769230769232 0.15504807692307693 0.1778846153846154 0.23918269230769232
1 0.5084134615384616 0.08653846153846154 0.20192307692307693 0.16826923076923078
1 0.6550480769230769 0.08653846153846154 0.20192307692307693 0.16826923076923078
1 0.6754807692307693 0.15264423076923078 0.20192307692307693 0.17067307692307693
1 0.34615384615384615 0.5901442307692307 0.1778846153846154 0.1935096153846154
1 0.1502403846153846 0.4951923076923077 0.1778846153846154 0.1935096153846154
1 0.42908653846153844 0.46274038461538464 0.22596153846153846 0.23798076923076922
1 0.13701923076923078 0.8016826923076923 0.14423076923076922 0.19591346153846154
1 0.9579326923076923 0.6069711538461539 0.07932692307692307 0.28125
1 0.7920673076923077 0.9026442307692307 0.25961538461538464 0.19110576923076922
1 0.5600961538461539 0.38822115384615385 0.14903846153846154 0.17668269230769232
1 0.6394230769230769 0.3125 0.18509615384615385 0.19110576923076922
1 0.4338942307692308 0.6262019230769231 0.1778846153846154 0.1935096153846154