2 0.59375 0.41346153846153844 0.37740384615384615 0.33533653846153844
1 0.8221153846153846 0.7944711538461539 0.2548076923076923 0.2439903846153846
1 0.37259615384615385 0.36538461538461536 0.19951923076923078 0.25240384615384615
1 0.3329326923076923 0.8028846153846154 0.19471153846153846 0.23557692307692307
1 0.3954326923076923 0.8762019230769231 0.19471153846153846 0.23557692307692307
1 0.6634615384615384 0.8149038461538461 0.24519230769230768 0.24158653846153846
1 0.13942307692307693 0.2692307692307692 0.21394230769230768 0.15985576923076922
1 0.1346153846153846 0.7223557692307693 0.1466346153846154 0.23798076923076922
1 0.06490384615384616 0.2548076923076923 0.12980769230769232 0.22115384615384615
1 0.41586538461538464 0.5793269230769231 0.24759615384615385 0.24639423076923078
1 0.2403846153846154 0.5961538461538461 0.24759615384615385 0.24639423076923078
1 0.8064903846153846 0.4495192307692308 0.19951923076923078 0.25240384615384615
0 0.9026442307692307 0.7211538461538461 0.0673076923076923 0.07932692307692307