1 0.6502403846153846 0.5252403846153846 0.18990384615384615 0.24158653846153846
1 0.7103365384615384 0.8846153846153846 0.18028846153846154 0.22716346153846154
1 0.4723557692307692 0.53125 0.21394230769230768 0.28725961538461536
1 0.8269230769230769 0.5084134615384616 0.1778846153846154 0.19951923076923078
1 0.7980769230769231 0.7199519230769231 0.16105769230769232 0.20192307692307693
1 0.3449519230769231 0.8533653846153846 0.17307692307692307 0.1935096153846154
1 0.15384615384615385 0.35336538461538464 0.20192307692307693 0.1814903846153846
1 0.3269230769230769 0.43149038461538464 0.15384615384615385 0.1622596153846154
1 0.31850961538461536 0.2932692307692308 0.15625 0.23557692307692307
1 0.9399038461538461 0.4423076923076923 0.11538461538461539 0.28966346153846156
1 0.25 0.6346153846153846 0.19951923076923078 0.2608173076923077
2 0.5168269230769231 0.23197115384615385 0.375 0.4266826923076923