1 0.47115384615384615 0.15625 0.18509615384615385 0.21634615384615385
1 0.6887019230769231 0.40625 0.16346153846153846 0.19951923076923078
1 0.8413461538461539 0.5793269230769231 0.18990384615384615 0.25
1 0.6442307692307693 0.6646634615384616 0.18990384615384615 0.25
1 0.14423076923076922 0.4326923076923077 0.18509615384615385 0.14783653846153846
1 0.4987980769230769 0.8485576923076923 0.14903846153846154 0.17668269230769232
1 0.515625 0.7115384615384616 0.14903846153846154 0.17668269230769232
1 0.09735576923076923 0.9098557692307693 0.14903846153846154 0.17668269230769232
1 0.8882211538461539 0.7944711538461539 0.14903846153846154 0.17668269230769232
2 0.0733173076923077 0.5997596153846154 0.1466346153846154 0.2668269230769231
0 0.06490384615384616 0.2620192307692308 0.06490384615384616 0.07932692307692307
0 0.5973557692307693 0.28846153846153844 0.055288461538461536 0.07692307692307693
0 0.5396634615384616 0.26802884615384615 0.055288461538461536 0.07692307692307693
0 0.640625 0.22596153846153846 0.0673076923076923 0.08173076923076923