1 0.33413461538461536 0.4951923076923077 0.1875 0.21514423076923078
1 0.41466346153846156 0.4723557692307692 0.19230769230769232 0.2668269230769231
1 0.16466346153846154 0.43990384615384615 0.21875 0.23317307692307693
1 0.14423076923076922 0.24519230769230768 0.19230769230769232 0.20192307692307693
1 0.6105769230769231 0.4567307692307692 0.20432692307692307 0.22956730769230768
1 0.8581730769230769 0.6814903846153846 0.17307692307692307 0.19951923076923078
1 0.9387019230769231 0.22355769230769232 0.11778846153846154 0.20673076923076922
1 0.06490384615384616 0.8677884615384616 0.12980769230769232 0.1778846153846154
1 0.5360576923076923 0.6634615384615384 0.16346153846153846 0.18509615384615385
1 0.8858173076923077 0.15144230769230768 0.22355769230769232 0.2403846153846154
1 0.5889423076923077 0.16826923076923078 0.23317307692307693 0.20793269230769232
2 0.328125 0.8233173076923077 0.4182692307692308 0.34975961538461536