1 0.8605769230769231 0.5384615384615384 0.20673076923076922 0.25600961538461536
1 0.8161057692307693 0.25721153846153844 0.21153846153846154 0.21033653846153846
1 0.6971153846153846 0.1935096153846154 0.17548076923076922 0.19951923076923078
1 0.3125 0.38341346153846156 0.17548076923076922 0.19951923076923078
1 0.6887019230769231 0.6971153846153846 0.21875 0.18509615384615385
1 0.90625 0.9050480769230769 0.18269230769230768 0.18509615384615385
1 0.07451923076923077 0.23197115384615385 0.14903846153846154 0.20432692307692307
1 0.5288461538461539 0.5432692307692307 0.24278846153846154 0.24158653846153846
1 0.5048076923076923 0.8209134615384616 0.1971153846153846 0.22115384615384615
1 0.10096153846153846 0.43990384615384615 0.20192307692307693 0.22115384615384615
2 0.49038461538461536 0.13701923076923078 0.4014423076923077 0.2704326923076923