1 0.125 0.6742788461538461 0.20673076923076922 0.25600961538461536
1 0.5829326923076923 0.23076923076923078 0.20673076923076922 0.25600961538461536
1 0.3545673076923077 0.4338942307692308 0.25961538461538464 0.20673076923076922
1 0.7764423076923077 0.5516826923076923 0.1875 0.20793269230769232
1 0.890625 0.41466346153846156 0.1875 0.20793269230769232
1 0.84375 0.17067307692307693 0.19951923076923078 0.2704326923076923
1 0.14423076923076922 0.2776442307692308 0.21875 0.2608173076923077
1 0.2800480769230769 0.0985576923076923 0.20192307692307693 0.1935096153846154
1 0.9447115384615384 0.2403846153846154 0.10576923076923077 0.21153846153846154
1 0.8870192307692307 0.6490384615384616 0.1875 0.22235576923076922
2 0.4338942307692308 0.7439903846153846 0.4423076923076923 0.5036057692307693
0 0.22355769230769232 0.7776442307692307 0.07692307692307693 0.07451923076923077
0 0.15745192307692307 0.4182692307692308 0.10336538461538461 0.09735576923076923