2 0.20432692307692307 0.6526442307692307 0.2548076923076923 0.2536057692307692
2 0.9026442307692307 0.18629807692307693 0.18990384615384615 0.36778846153846156
0 0.25721153846153844 0.8004807692307693 0.06009615384615385 0.08173076923076923
0 0.19471153846153846 0.042067307692307696 0.06490384615384616 0.07932692307692307
1 0.171875 0.21033653846153846 0.2283653846153846 0.20432692307692307
1 0.3173076923076923 0.17908653846153846 0.2283653846153846 0.20432692307692307
1 0.24278846153846154 0.4338942307692308 0.2283653846153846 0.20432692307692307
1 0.15264423076923078 0.4651442307692308 0.2283653846153846 0.20432692307692307
1 0.7043269230769231 0.3016826923076923 0.2283653846153846 0.20432692307692307
1 0.6346153846153846 0.5336538461538461 0.2283653846153846 0.20432692307692307
1 0.5132211538461539 0.8016826923076923 0.2283653846153846 0.20432692307692307
1 0.6911057692307693 0.7163461538461539 0.16826923076923078 0.21634615384615385
1 0.052884615384615384 0.8894230769230769 0.10576923076923077 0.21634615384615385
1 0.051682692307692304 0.6911057692307693 0.10336538461538461 0.21875
1 0.8966346153846154 0.7740384615384616 0.13701923076923078 0.24759615384615385
1 0.8653846153846154 0.6129807692307693 0.2091346153846154 0.24759615384615385