1 0.20793269230769232 0.3161057692307692 0.1778846153846154 0.20432692307692307
1 0.35336538461538464 0.8870192307692307 0.19230769230769232 0.22235576923076922
1 0.5084134615384616 0.9110576923076923 0.19230769230769232 0.17307692307692307
1 0.7163461538461539 0.9182692307692307 0.1971153846153846 0.15865384615384615
1 0.1045673076923077 0.5721153846153846 0.1658653846153846 0.17668269230769232
1 0.6189903846153846 0.27524038461538464 0.17307692307692307 0.20793269230769232
1 0.46153846153846156 0.22956730769230768 0.17307692307692307 0.20793269230769232
1 0.07211538461538461 0.09014423076923077 0.14423076923076922 0.18028846153846154
1 0.38341346153846156 0.5348557692307693 0.22596153846153846 0.2620192307692308
1 0.5504807692307693 0.09014423076923077 0.17307692307692307 0.17548076923076922
1 0.6586538461538461 0.09014423076923077 0.17307692307692307 0.17548076923076922
1 0.75 0.4423076923076923 0.17067307692307693 0.17668269230769232
1 0.9014423076923077 0.9266826923076923 0.19230769230769232 0.1466346153846154
2 0.578125 0.6598557692307693 0.4014423076923077 0.34975961538461536
0 0.265625 0.9326923076923077 0.0625 0.08173076923076923