1 0.1971153846153846 0.6706730769230769 0.21634615384615385 0.19591346153846154
1 0.36658653846153844 0.6526442307692307 0.19951923076923078 0.18990384615384615
1 0.4026442307692308 0.14302884615384615 0.19951923076923078 0.18990384615384615
1 0.7560096153846154 0.8449519230769231 0.23798076923076922 0.2608173076923077
1 0.37259615384615385 0.8834134615384616 0.29086538461538464 0.22956730769230768
1 0.6514423076923077 0.47836538461538464 0.21875 0.1935096153846154
1 0.6490384615384616 0.26322115384615385 0.15625 0.17307692307692307
1 0.5120192307692307 0.18870192307692307 0.1971153846153846 0.16466346153846154
1 0.19230769230769232 0.2091346153846154 0.23557692307692307 0.23557692307692307
1 0.4963942307692308 0.6838942307692307 0.21634615384615385 0.22115384615384615
1 0.17067307692307693 0.8473557692307693 0.19951923076923078 0.23076923076923078
2 0.4963942307692308 0.38461538461538464 0.2692307692307692 0.24759615384615385