1 0.25240384615384615 0.17668269230769232 0.21153846153846154 0.1875
1 0.38822115384615385 0.21754807692307693 0.21634615384615385 0.20673076923076922
1 0.43028846153846156 0.5673076923076923 0.21634615384615385 0.20673076923076922
1 0.15625 0.5901442307692307 0.19230769230769232 0.18509615384615385
1 0.08653846153846154 0.4362980769230769 0.17307692307692307 0.24759615384615385
1 0.2848557692307692 0.4651442307692308 0.21634615384615385 0.24158653846153846
1 0.7704326923076923 0.8317307692307693 0.21634615384615385 0.20673076923076922
1 0.8725961538461539 0.10096153846153846 0.20432692307692307 0.19831730769230768
1 0.4375 0.8449519230769231 0.23557692307692307 0.22235576923076922
1 0.16947115384615385 0.8413461538461539 0.23557692307692307 0.2668269230769231
2 0.7367788461538461 0.3605769230769231 0.43990384615384615 0.4579326923076923
0 0.4879807692307692 0.3161057692307692 0.0673076923076923 0.06490384615384616