1 0.6514423076923077 0.5060096153846154 0.21153846153846154 0.20432692307692307
1 0.34375 0.5480769230769231 0.21153846153846154 0.20432692307692307
1 0.24158653846153846 0.5817307692307693 0.21153846153846154 0.20432692307692307
1 0.21875 0.8161057692307693 0.23798076923076922 0.23317307692307693
1 0.4723557692307692 0.6682692307692307 0.23798076923076922 0.23317307692307693
1 0.5240384615384616 0.8677884615384616 0.22596153846153846 0.20192307692307693
1 0.6610576923076923 0.9206730769230769 0.25721153846153844 0.14543269230769232
1 0.8413461538461539 0.16826923076923078 0.2764423076923077 0.27524038461538464
1 0.8461538461538461 0.6935096153846154 0.21153846153846154 0.20432692307692307
1 0.14302884615384615 0.4495192307692308 0.21153846153846154 0.20432692307692307
1 0.2644230769230769 0.9110576923076923 0.19471153846153846 0.17307692307692307
1 0.8112980769230769 0.5685096153846154 0.22596153846153846 0.17908653846153846
1 0.9194711538461539 0.36177884615384615 0.15625 0.19471153846153846
1 0.9591346153846154 0.07572115384615384 0.07692307692307693 0.15144230769230768
2 0.6033653846153846 0.2920673076923077 0.36538461538461536 0.27524038461538464