1 0.8605769230769231 0.8052884615384616 0.18509615384615385 0.22716346153846154
1 0.5757211538461539 0.7692307692307693 0.18509615384615385 0.22716346153846154
1 0.1658653846153846 0.609375 0.18509615384615385 0.22716346153846154
1 0.30528846153846156 0.23076923076923078 0.18509615384615385 0.22716346153846154
1 0.4026442307692308 0.4951923076923077 0.18509615384615385 0.22716346153846154
1 0.4483173076923077 0.6286057692307693 0.18509615384615385 0.22716346153846154
1 0.2668269230769231 0.7932692307692307 0.16346153846153846 0.2247596153846154
1 0.49038461538461536 0.09975961538461539 0.16826923076923078 0.19591346153846154
1 0.7956730769230769 0.6105769230769231 0.16826923076923078 0.19591346153846154
1 0.9206730769230769 0.5564903846153846 0.15625 0.22956730769230768
2 0.6959134615384616 0.3088942307692308 0.39903846153846156 0.4567307692307692