1 0.8016826923076923 0.5144230769230769 0.21875 0.20432692307692307
1 0.6971153846153846 0.6021634615384616 0.21875 0.20432692307692307
1 0.7355769230769231 0.18509615384615385 0.21875 0.20432692307692307
1 0.9146634615384616 0.27524038461538464 0.1658653846153846 0.23798076923076922
1 0.8713942307692307 0.25600961538461536 0.19951923076923078 0.21634615384615385
1 0.3737980769230769 0.4543269230769231 0.21875 0.20432692307692307
1 0.4387019230769231 0.8473557692307693 0.21875 0.20432692307692307
1 0.8533653846153846 0.7403846153846154 0.21875 0.20673076923076922
1 0.5276442307692307 0.16706730769230768 0.21875 0.20432692307692307
1 0.19831730769230768 0.1935096153846154 0.21875 0.20432692307692307
1 0.08653846153846154 0.7475961538461539 0.17307692307692307 0.20673076923076922
1 0.23197115384615385 0.6850961538461539 0.21875 0.20432692307692307
1 0.0733173076923077 0.8978365384615384 0.1466346153846154 0.20432692307692307
1 0.21514423076923078 0.40384615384615385 0.27884615384615385 0.25
1 0.5961538461538461 0.9206730769230769 0.1875 0.15384615384615385
2 0.21754807692307693 0.8930288461538461 0.2283653846153846 0.21033653846153846
0 0.6622596153846154 0.20793269230769232 0.06971153846153846 0.0625