1 0.2824519230769231 0.6682692307692307 0.21153846153846154 0.1935096153846154
1 0.23677884615384615 0.4483173076923077 0.22355769230769232 0.24639423076923078
1 0.41225961538461536 0.3125 0.20192307692307693 0.2247596153846154
1 0.4951923076923077 0.4098557692307692 0.19471153846153846 0.1935096153846154
1 0.46153846153846156 0.09735576923076923 0.19471153846153846 0.19110576923076922
1 0.27884615384615385 0.8942307692307693 0.21153846153846154 0.20793269230769232
1 0.4855769230769231 0.9230769230769231 0.20673076923076922 0.1502403846153846
1 0.28966346153846156 0.11298076923076923 0.21153846153846154 0.22115384615384615
1 0.04927884615384615 0.8088942307692307 0.0985576923076923 0.2283653846153846
1 0.7079326923076923 0.2439903846153846 0.17548076923076922 0.2247596153846154
1 0.890625 0.2644230769230769 0.17548076923076922 0.2247596153846154
1 0.9230769230769231 0.375 0.14903846153846154 0.22596153846153846
2 0.7475961538461539 0.65625 0.4254807692307692 0.38341346153846156