1 0.453125 0.23918269230769232 0.2283653846153846 0.2127403846153846
1 0.6887019230769231 0.7163461538461539 0.20432692307692307 0.2247596153846154
1 0.4963942307692308 0.5072115384615384 0.17067307692307693 0.23076923076923078
1 0.16826923076923078 0.2692307692307692 0.1971153846153846 0.21875
1 0.34615384615384615 0.4495192307692308 0.17548076923076922 0.22115384615384615
1 0.7307692307692307 0.125 0.17548076923076922 0.22115384615384615
1 0.9495192307692307 0.6286057692307693 0.09615384615384616 0.27163461538461536
1 0.08533653846153846 0.45552884615384615 0.17067307692307693 0.24759615384615385
1 0.4675480769230769 0.6995192307692307 0.15865384615384615 0.19591346153846154
1 0.9038461538461539 0.9158653846153846 0.1875 0.16346153846153846
2 0.2848557692307692 0.7872596153846154 0.42788461538461536 0.4206730769230769