1 0.5444711538461539 0.9014423076923077 0.14423076923076922 0.1935096153846154
1 0.2403846153846154 0.8401442307692307 0.1658653846153846 0.19951923076923078
1 0.0673076923076923 0.7908653846153846 0.1346153846153846 0.20192307692307693
1 0.18389423076923078 0.6538461538461539 0.1658653846153846 0.19951923076923078
1 0.15144230769230768 0.08653846153846154 0.17067307692307693 0.16826923076923078
1 0.36899038461538464 0.109375 0.1971153846153846 0.21514423076923078
1 0.5504807692307693 0.1141826923076923 0.16346153846153846 0.2247596153846154
1 0.9230769230769231 0.0673076923076923 0.14903846153846154 0.12980769230769232
1 0.9122596153846154 0.3161057692307692 0.17067307692307693 0.21875
1 0.8834134615384616 0.8677884615384616 0.1778846153846154 0.21875
1 0.625 0.6838942307692307 0.2091346153846154 0.23076923076923078
1 0.5564903846153846 0.5012019230769231 0.2091346153846154 0.23076923076923078
1 0.14182692307692307 0.421875 0.18269230769230768 0.18990384615384615
1 0.38461538461538464 0.6129807692307693 0.20432692307692307 0.22956730769230768
2 0.6947115384615384 0.2776442307692308 0.3605769230769231 0.40384615384615385