1 0.8461538461538461 0.6442307692307693 0.20432692307692307 0.25240384615384615
1 0.7427884615384616 0.3317307692307692 0.18028846153846154 0.25600961538461536
1 0.2692307692307692 0.5973557692307693 0.15625 0.21634615384615385
1 0.5552884615384616 0.8401442307692307 0.15625 0.21634615384615385
1 0.8413461538461539 0.8930288461538461 0.16826923076923078 0.21033653846153846
1 0.07451923076923077 0.3004807692307692 0.14903846153846154 0.21634615384615385
1 0.3269230769230769 0.4026442307692308 0.16826923076923078 0.2127403846153846
1 0.22956730769230768 0.24639423076923078 0.1875 0.20432692307692307
1 0.4014423076923077 0.22956730769230768 0.1875 0.20432692307692307
1 0.9086538461538461 0.29927884615384615 0.16105769230769232 0.21033653846153846
1 0.7163461538461539 0.7728365384615384 0.16105769230769232 0.20793269230769232
1 0.21153846153846154 0.11658653846153846 0.15384615384615385 0.15384615384615385
1 0.12620192307692307 0.8545673076923077 0.21153846153846154 0.20793269230769232
1 0.39663461538461536 0.6574519230769231 0.11778846153846154 0.2776442307692308
1 0.5973557692307693 0.14903846153846154 0.17067307692307693 0.21514423076923078
1 0.10697115384615384 0.5300480769230769 0.17067307692307693 0.21514423076923078
1 0.8918269230769231 0.08173076923076923 0.1658653846153846 0.15985576923076922
0 0.6971153846153846 0.057692307692307696 0.09134615384615384 0.11057692307692307
0 0.47475961538461536 0.14302884615384615 0.06009615384615385 0.04807692307692308
2 0.5564903846153846 0.48677884615384615 0.40384615384615385 0.4519230769230769