2 0.23317307692307693 0.4855769230769231 0.23798076923076922 0.28365384615384615
0 0.7283653846153846 0.375 0.0889423076923077 0.07091346153846154
1 0.4723557692307692 0.703125 0.1875 0.23557692307692307
1 0.4014423076923077 0.8016826923076923 0.12980769230769232 0.19591346153846154
1 0.6490384615384616 0.6129807692307693 0.15865384615384615 0.17668269230769232
1 0.7596153846153846 0.6201923076923077 0.19230769230769232 0.18990384615384615
1 0.4495192307692308 0.48677884615384615 0.19230769230769232 0.22235576923076922
1 0.41346153846153844 0.33653846153846156 0.19230769230769232 0.22235576923076922
1 0.30408653846153844 0.22235576923076922 0.19230769230769232 0.22235576923076922
1 0.48677884615384615 0.12860576923076922 0.19230769230769232 0.22235576923076922
1 0.6971153846153846 0.1466346153846154 0.19230769230769232 0.22235576923076922
1 0.8870192307692307 0.6814903846153846 0.1875 0.17908653846153846
1 0.9050480769230769 0.7860576923076923 0.18509615384615385 0.19230769230769232
1 0.75 0.8798076923076923 0.16826923076923078 0.20673076923076922
1 0.21875 0.8245192307692307 0.20673076923076922 0.2536057692307692
1 0.1201923076923077 0.7331730769230769 0.17548076923076922 0.24158653846153846
1 0.07091346153846154 0.6057692307692307 0.13701923076923078 0.25600961538461536
1 0.0625 0.46634615384615385 0.125 0.25841346153846156
1 0.05889423076923077 0.34375 0.11778846153846154 0.21634615384615385
1 0.057692307692307696 0.24759615384615385 0.11538461538461539 0.21634615384615385
1 0.09375 0.15264423076923078 0.12980769230769232 0.21634615384615385
1 0.08052884615384616 0.06009615384615385 0.14903846153846154 0.11658653846153846
1 0.40625 0.9459134615384616 0.14903846153846154 0.1045673076923077
1 0.5096153846153846 0.921875 0.14423076923076922 0.15264423076923078