1 0.8605769230769231 0.5588942307692307 0.2091346153846154 0.2127403846153846
1 0.6899038461538461 0.5745192307692307 0.2091346153846154 0.2127403846153846
1 0.8810096153846154 0.34615384615384615 0.2091346153846154 0.2127403846153846
1 0.953125 0.3401442307692308 0.0889423076923077 0.2091346153846154
1 0.5264423076923077 0.46274038461538464 0.20432692307692307 0.20432692307692307
1 0.6923076923076923 0.36778846153846156 0.27163461538461536 0.18990384615384615
1 0.8028846153846154 0.2091346153846154 0.25240384615384615 0.15264423076923078
1 0.9423076923076923 0.08533653846153846 0.11057692307692307 0.17067307692307693
1 0.2800480769230769 0.2247596153846154 0.27884615384615385 0.2247596153846154
1 0.5216346153846154 0.078125 0.27163461538461536 0.15264423076923078
1 0.6274038461538461 0.2536057692307692 0.21634615384615385 0.2127403846153846
1 0.2620192307692308 0.5 0.22355769230769232 0.24639423076923078
1 0.18870192307692307 0.4543269230769231 0.22355769230769232 0.2127403846153846
1 0.6742788461538461 0.875 0.2091346153846154 0.2127403846153846
1 0.2548076923076923 0.7163461538461539 0.2091346153846154 0.2127403846153846
2 0.44350961538461536 0.7956730769230769 0.49278846153846156 0.40384615384615385