1 0.4651442307692308 0.32091346153846156 0.25240384615384615 0.24639423076923078
1 0.3954326923076923 0.7391826923076923 0.25240384615384615 0.24639423076923078
1 0.26802884615384615 0.8149038461538461 0.25240384615384615 0.24639423076923078
1 0.08173076923076923 0.36899038461538464 0.16346153846153846 0.2091346153846154
1 0.10336538461538461 0.59375 0.18028846153846154 0.25
1 0.23918269230769232 0.5216346153846154 0.22596153846153846 0.20192307692307693
1 0.20072115384615385 0.2860576923076923 0.22596153846153846 0.20192307692307693
1 0.10336538461538461 0.10697115384615384 0.20673076923076922 0.20432692307692307
1 0.6237980769230769 0.15985576923076922 0.22596153846153846 0.20192307692307693
2 0.6502403846153846 0.7932692307692307 0.47115384615384615 0.4098557692307692
2 0.8028846153846154 0.5228365384615384 0.3894230769230769 0.5264423076923077