1 0.14302884615384615 0.6887019230769231 0.18028846153846154 0.24759615384615385
1 0.14182692307692307 0.8966346153846154 0.18028846153846154 0.20192307692307693
1 0.32211538461538464 0.9182692307692307 0.21875 0.15865384615384615
1 0.5685096153846154 0.8713942307692307 0.20432692307692307 0.23317307692307693
1 0.6610576923076923 0.5192307692307693 0.20432692307692307 0.24158653846153846
1 0.18870192307692307 0.3401442307692308 0.17067307692307693 0.2127403846153846
1 0.0625 0.23076923076923078 0.125 0.23076923076923078
1 0.31009615384615385 0.19591346153846154 0.17067307692307693 0.22956730769230768
1 0.48677884615384615 0.25841346153846156 0.17067307692307693 0.20793269230769232
1 0.6706730769230769 0.2776442307692308 0.19951923076923078 0.21033653846153846
1 0.8197115384615384 0.12379807692307693 0.19951923076923078 0.21033653846153846
1 0.71875 0.765625 0.17307692307692307 0.21033653846153846
1 0.37740384615384615 0.07211538461538461 0.16105769230769232 0.13942307692307693
1 0.17067307692307693 0.0733173076923077 0.19951923076923078 0.13701923076923078
2 0.3798076923076923 0.625 0.4206730769230769 0.47475961538461536
0 0.7932692307692307 0.5120192307692307 0.1201923076923077 0.13942307692307693
0 0.8185096153846154 0.8677884615384616 0.08173076923076923 0.08533653846153846