1 0.10697115384615384 0.7584134615384616 0.15865384615384615 0.19591346153846154
1 0.057692307692307696 0.5348557692307693 0.11298076923076923 0.27524038461538464
1 0.5697115384615384 0.3737980769230769 0.20432692307692307 0.23557692307692307
1 0.6971153846153846 0.6286057692307693 0.1658653846153846 0.2247596153846154
1 0.35697115384615385 0.7307692307692307 0.16346153846153846 0.2439903846153846
1 0.9026442307692307 0.4987980769230769 0.18990384615384615 0.23317307692307693
1 0.5528846153846154 0.09014423076923077 0.17067307692307693 0.17668269230769232
1 0.21153846153846154 0.2776442307692308 0.21634615384615385 0.20432692307692307
1 0.17548076923076922 0.44591346153846156 0.20673076923076922 0.2704326923076923
1 0.5420673076923077 0.7536057692307693 0.20673076923076922 0.21033653846153846
1 0.34375 0.08173076923076923 0.20192307692307693 0.15865384615384615
0 0.3701923076923077 0.9182692307692307 0.06490384615384616 0.09375
0 0.4387019230769231 0.171875 0.0625 0.08533653846153846
2 0.7331730769230769 0.17307692307692307 0.25721153846153844 0.3161057692307692