2 0.6995192307692307 0.5661057692307693 0.25721153846153844 0.2704326923076923
2 0.3762019230769231 0.12139423076923077 0.27163461538461536 0.23918269230769232
1 0.6165865384615384 0.10216346153846154 0.18990384615384615 0.19951923076923078
1 0.7920673076923077 0.15264423076923078 0.1875 0.20192307692307693
1 0.7475961538461539 0.23076923076923078 0.1875 0.20192307692307693
1 0.41225961538461536 0.5805288461538461 0.1875 0.20192307692307693
1 0.2776442307692308 0.41947115384615385 0.21634615384615385 0.21033653846153846
1 0.06850961538461539 0.09014423076923077 0.13701923076923078 0.17548076923076922
1 0.051682692307692304 0.24639423076923078 0.10336538461538461 0.18028846153846154
1 0.09014423076923077 0.3786057692307692 0.18028846153846154 0.18509615384615385
1 0.11778846153846154 0.5120192307692307 0.19471153846153846 0.18389423076923078
1 0.12259615384615384 0.75 0.18990384615384615 0.25841346153846156
1 0.25 0.9254807692307693 0.25240384615384615 0.14543269230769232
0 0.5264423076923077 0.15985576923076922 0.10336538461538461 0.09375
0 0.7884615384615384 0.4411057692307692 0.0673076923076923 0.08774038461538461
0 0.4699519230769231 0.7307692307692307 0.0673076923076923 0.08774038461538461
0 0.375 0.7728365384615384 0.0673076923076923 0.08774038461538461
1 0.4411057692307692 0.45913461538461536 0.1875 0.20192307692307693
1 0.5024038461538461 0.3485576923076923 0.1875 0.20192307692307693
1 0.9122596153846154 0.8978365384615384 0.17067307692307693 0.20432692307692307
1 0.9423076923076923 0.765625 0.11057692307692307 0.19951923076923078
1 0.8834134615384616 0.7716346153846154 0.16346153846153846 0.19831730769230768
1 0.9038461538461539 0.3581730769230769 0.16826923076923078 0.25841346153846156
1 0.29927884615384615 0.5192307692307693 0.15625 0.15865384615384615