2 0.2536057692307692 0.41225961538461536 0.3918269230769231 0.41225961538461536
1 0.7211538461538461 0.4254807692307692 0.20192307692307693 0.2247596153846154
1 0.8713942307692307 0.6730769230769231 0.20192307692307693 0.2247596153846154
1 0.671875 0.24158653846153846 0.1778846153846154 0.20432692307692307
1 0.8125 0.24759615384615385 0.1778846153846154 0.20432692307692307
1 0.9086538461538461 0.37740384615384615 0.1778846153846154 0.20432692307692307
1 0.921875 0.20072115384615385 0.15144230769230768 0.2091346153846154
1 0.6129807692307693 0.8088942307692307 0.1778846153846154 0.20432692307692307
1 0.5552884615384616 0.8088942307692307 0.1778846153846154 0.20432692307692307
1 0.4723557692307692 0.8461538461538461 0.1778846153846154 0.20432692307692307
1 0.40384615384615385 0.8605769230769231 0.1778846153846154 0.20432692307692307
1 0.23076923076923078 0.9098557692307693 0.1875 0.17548076923076922
1 0.078125 0.515625 0.15625 0.28125
1 0.5204326923076923 0.08173076923076923 0.17067307692307693 0.15985576923076922
1 0.3870192307692308 0.08173076923076923 0.17067307692307693 0.15985576923076922
1 0.06850961538461539 0.9194711538461539 0.13701923076923078 0.16105769230769232
1 0.38822115384615385 0.6358173076923077 0.19471153846153846 0.16706730769230768
1 0.8509615384615384 0.09254807692307693 0.2668269230769231 0.1814903846153846
1 0.28125 0.7560096153846154 0.14423076923076922 0.22956730769230768
1 0.7560096153846154 0.9098557692307693 0.2091346153846154 0.17548076923076922