1 0.030048076923076924 0.6826923076923077 0.06009615384615385 0.21634615384615385
1 0.24519230769230768 0.8473557692307693 0.27884615384615385 0.21514423076923078
1 0.20552884615384615 0.5721153846153846 0.21394230769230768 0.21875
1 0.8870192307692307 0.4891826923076923 0.22115384615384615 0.24278846153846154
1 0.46634615384615385 0.9182692307692307 0.21153846153846154 0.15985576923076922
1 0.07572115384615384 0.9134615384615384 0.15144230769230768 0.16826923076923078
1 0.2283653846153846 0.10817307692307693 0.19951923076923078 0.2127403846153846
1 0.7115384615384616 0.5048076923076923 0.22596153846153846 0.21514423076923078
1 0.34975961538461536 0.6165865384615384 0.27884615384615385 0.2247596153846154
1 0.45552884615384615 0.7620192307692307 0.2548076923076923 0.21514423076923078
1 0.24879807692307693 0.41586538461538464 0.17307692307692307 0.15264423076923078
2 0.5673076923076923 0.33653846153846156 0.5048076923076923 0.46033653846153844