2 0.7572115384615384 0.6526442307692307 0.2403846153846154 0.2536057692307692
2 0.14182692307692307 0.18509615384615385 0.2403846153846154 0.36538461538461536
0 0.6706730769230769 0.8004807692307693 0.057692307692307696 0.08173076923076923
0 0.9182692307692307 0.042067307692307696 0.06009615384615385 0.07932692307692307
1 0.8942307692307693 0.21153846153846154 0.20673076923076922 0.20673076923076922
1 0.7620192307692307 0.17908653846153846 0.21634615384615385 0.20432692307692307
1 0.7716346153846154 0.4338942307692308 0.21634615384615385 0.20432692307692307
1 0.8545673076923077 0.4651442307692308 0.21634615384615385 0.20432692307692307
1 0.34375 0.3016826923076923 0.21634615384615385 0.20432692307692307
1 0.3581730769230769 0.5336538461538461 0.21634615384615385 0.20432692307692307
1 0.41225961538461536 0.8016826923076923 0.21634615384615385 0.20432692307692307
1 0.25600961538461536 0.7163461538461539 0.15865384615384615 0.21634615384615385
1 0.8870192307692307 0.890625 0.15865384615384615 0.21514423076923078
1 0.921875 0.6911057692307693 0.12980769230769232 0.21514423076923078
1 0.05048076923076923 0.7740384615384616 0.10096153846153846 0.25
1 0.10817307692307693 0.6129807692307693 0.1971153846153846 0.24759615384615385