2 0.49399038461538464 0.7463942307692307 0.4735576923076923 0.49158653846153844
1 0.6586538461538461 0.6177884615384616 0.1658653846153846 0.20192307692307693
1 0.7680288461538461 0.8545673076923077 0.20432692307692307 0.24158653846153846
1 0.8665865384615384 0.7524038461538461 0.21875 0.17067307692307693
1 0.9627403846153846 0.8016826923076923 0.06971153846153846 0.20432692307692307
1 0.90625 0.921875 0.18269230769230768 0.15625
1 0.5865384615384616 0.14783653846153846 0.24278846153846154 0.20793269230769232
1 0.33052884615384615 0.07451923076923077 0.23798076923076922 0.14543269230769232
1 0.04567307692307692 0.09014423076923077 0.09134615384615384 0.17548076923076922
1 0.06009615384615385 0.32211538461538464 0.1201923076923077 0.22596153846153846
1 0.28125 0.7596153846153846 0.22596153846153846 0.22235576923076922
1 0.45552884615384615 0.4699519230769231 0.22596153846153846 0.22235576923076922
1 0.14182692307692307 0.2800480769230769 0.24759615384615385 0.18990384615384615
1 0.9471153846153846 0.6033653846153846 0.10096153846153846 0.21153846153846154
0 0.3629807692307692 0.18389423076923078 0.10096153846153846 0.07692307692307693
1 0.6598557692307693 0.47475961538461536 0.24278846153846154 0.20793269230769232