1 0.4987980769230769 0.22235576923076922 0.1778846153846154 0.23317307692307693
1 0.2644230769230769 0.16947115384615385 0.22355769230769232 0.23076923076923078
1 0.48677884615384615 0.7848557692307693 0.18269230769230768 0.1935096153846154
1 0.9266826923076923 0.9074519230769231 0.12740384615384615 0.1814903846153846
1 0.7536057692307693 0.8786057692307693 0.17307692307692307 0.23798076923076922
1 0.9290865384615384 0.6189903846153846 0.13701923076923078 0.28365384615384615
1 0.7692307692307693 0.29927884615384615 0.13942307692307693 0.28125
1 0.6778846153846154 0.5985576923076923 0.13942307692307693 0.28125
1 0.09254807692307693 0.7163461538461539 0.18509615384615385 0.2692307692307692
1 0.9134615384615384 0.30408653846153844 0.16826923076923078 0.23798076923076922
2 0.2644230769230769 0.8389423076923077 0.21634615384615385 0.27283653846153844
0 0.5252403846153846 0.6670673076923077 0.07451923076923077 0.0829326923076923
0 0.5889423076923077 0.5108173076923077 0.07451923076923077 0.0829326923076923
1 0.19831730769230768 0.4230769230769231 0.1778846153846154 0.23317307692307693