1 0.7680288461538461 0.27403846153846156 0.17307692307692307 0.21033653846153846
1 0.8401442307692307 0.49759615384615385 0.2091346153846154 0.28365384615384615
1 0.6310096153846154 0.5504807692307693 0.18509615384615385 0.21634615384615385
1 0.10336538461538461 0.3329326923076923 0.17548076923076922 0.19591346153846154
1 0.3245192307692308 0.16826923076923078 0.21394230769230768 0.20793269230769232
1 0.22115384615384615 0.7139423076923077 0.15625 0.16466346153846154
1 0.5384615384615384 0.24759615384615385 0.18509615384615385 0.22956730769230768
1 0.14182692307692307 0.22716346153846154 0.15865384615384615 0.19951923076923078
1 0.36658653846153844 0.7572115384615384 0.15384615384615385 0.17668269230769232
1 0.3701923076923077 0.4254807692307692 0.17067307692307693 0.16826923076923078
1 0.21754807692307693 0.47596153846153844 0.16826923076923078 0.19831730769230768
1 0.33774038461538464 0.5 0.15865384615384615 0.15865384615384615
1 0.8040865384615384 0.7019230769230769 0 0
2 0.6201923076923077 0.8401442307692307 0.4519230769230769 0.3161057692307692