1 0.38341346153846156 0.6983173076923077 0.1778846153846154 0.1875
1 0.5480769230769231 0.7403846153846154 0.18990384615384615 0.18990384615384615
1 0.7848557692307693 0.8137019230769231 0.18990384615384615 0.21875
1 0.9098557692307693 0.46274038461538464 0.17548076923076922 0.22355769230769232
1 0.4206730769230769 0.45552884615384615 0.18990384615384615 0.21875
1 0.4387019230769231 0.24278846153846154 0.18990384615384615 0.21875
1 0.5853365384615384 0.19591346153846154 0.21153846153846154 0.25
1 0.6670673076923077 0.3942307692307692 0.18028846153846154 0.21033653846153846
1 0.7704326923076923 0.3425480769230769 0.1971153846153846 0.2439903846153846
1 0.7331730769230769 0.5745192307692307 0.1971153846153846 0.17908653846153846
1 0.8473557692307693 0.10576923076923077 0.20673076923076922 0.20793269230769232
1 0.3112980769230769 0.28846153846153844 0.15625 0.21875
1 0.0985576923076923 0.3233173076923077 0.17307692307692307 0.21634615384615385
1 0.09134615384615384 0.5192307692307693 0.17307692307692307 0.20432692307692307
1 0.7007211538461539 0.6370192307692307 0.1466346153846154 0.23557692307692307
2 0.17908653846153846 0.8028846153846154 0.3581730769230769 0.3942307692307692