1 0.7548076923076923 0.16947115384615385 0.2091346153846154 0.21514423076923078
1 0.5216346153846154 0.5444711538461539 0.19471153846153846 0.16466346153846154
1 0.5961538461538461 0.3473557692307692 0.17067307692307693 0.21875
1 0.6742788461538461 0.6742788461538461 0.1971153846153846 0.22235576923076922
1 0.7163461538461539 0.9038461538461539 0.1971153846153846 0.1875
1 0.11057692307692307 0.1141826923076923 0.20432692307692307 0.2247596153846154
1 0.08052884615384616 0.3269230769230769 0.16105769230769232 0.1971153846153846
1 0.13221153846153846 0.8100961538461539 0.21153846153846154 0.20793269230769232
1 0.2764423076923077 0.9242788461538461 0.18509615384615385 0.14783653846153846
1 0.44711538461538464 0.9242788461538461 0.18509615384615385 0.14783653846153846
1 0.890625 0.734375 0.18028846153846154 0.21875
1 0.5576923076923077 0.26322115384615385 0.18028846153846154 0.21875
1 0.32091346153846156 0.19230769230769232 0.17307692307692307 0.17668269230769232
1 0.4050480769230769 0.7752403846153846 0.21153846153846154 0.2536057692307692
1 0.9375 0.6177884615384616 0.1201923076923077 0.20673076923076922
1 0.0889423076923077 0.6237980769230769 0.16346153846153846 0.1935096153846154
0 0.4423076923076923 0.13341346153846154 0.09375 0.09975961538461539
0 0.8689903846153846 0.47716346153846156 0.10817307692307693 0.13341346153846154
2 0.24759615384615385 0.4831730769230769 0.3581730769230769 0.41225961538461536