1 0.14783653846153846 0.4807692307692308 0.24278846153846154 0.2247596153846154
1 0.13822115384615385 0.2764423076923077 0.21153846153846154 0.20192307692307693
1 0.7307692307692307 0.5817307692307693 0.24519230769230768 0.1814903846153846
1 0.7536057692307693 0.31490384615384615 0 0
1 0.5108173076923077 0.4723557692307692 0.22596153846153846 0.22235576923076922
1 0.06490384615384616 0.875 0.12980769230769232 0.25
1 0.7920673076923077 0.8930288461538461 0.18990384615384615 0.1935096153846154
1 0.6754807692307693 0.8257211538461539 0.12980769230769232 0.25600961538461536
1 0.46033653846153844 0.19951923076923078 0.17067307692307693 0.24759615384615385
0 0.9867788461538461 0.1971153846153846 0.021634615384615384 0.10576923076923077
0 0.8485576923076923 0.5192307692307693 0.0889423076923077 0.10216346153846154
2 0.4579326923076923 0.8401442307692307 0.4543269230769231 0.3161057692307692