1 0.31850961538461536 0.5637019230769231 0.14903846153846154 0.21875
1 0.5264423076923077 0.09975961538461539 0.18028846153846154 0.19591346153846154
1 0.3798076923076923 0.14423076923076922 0.1778846153846154 0.19831730769230768
1 0.4387019230769231 0.31850961538461536 0.20432692307692307 0.22115384615384615
1 0.8317307692307693 0.27283653846153844 0.20432692307692307 0.22115384615384615
1 0.7596153846153846 0.5264423076923077 0.16105769230769232 0.21514423076923078
1 0.27283653846153844 0.8689903846153846 0.21394230769230768 0.24639423076923078
1 0.25240384615384615 0.09615384615384616 0.15625 0.1875
1 0.2764423076923077 0.3581730769230769 0.1466346153846154 0.23317307692307693
1 0.5324519230769231 0.9242788461538461 0.16826923076923078 0.14783653846153846
2 0.5360576923076923 0.6382211538461539 0.4014423076923077 0.4855769230769231