1 0.5408653846153846 0.20673076923076922 0.24519230769230768 0.1502403846153846
1 0.6370192307692307 0.6201923076923077 0.24519230769230768 0.23918269230769232
1 0.41225961538461536 0.6466346153846154 0.24519230769230768 0.23918269230769232
1 0.8329326923076923 0.5480769230769231 0.25961538461538464 0.24158653846153846
1 0.24278846153846154 0.8918269230769231 0.25721153846153844 0.2127403846153846
1 0.2548076923076923 0.30288461538461536 0.1875 0.20192307692307693
1 0.9423076923076923 0.0829326923076923 0.11057692307692307 0.16105769230769232
1 0.75 0.08173076923076923 0.2644230769230769 0.15865384615384615
1 0.06370192307692307 0.7620192307692307 0.12740384615384615 0.23076923076923078
2 0.6490384615384616 0.3641826923076923 0.32211538461538464 0.28725961538461536
0 0.49278846153846156 0.5108173076923077 0.06490384615384616 0.07451923076923077