1 0.25 0.18269230769230768 0.18509615384615385 0.2644230769230769
1 0.7211538461538461 0.4170673076923077 0.15625 0.20793269230769232
1 0.5276442307692307 0.0829326923076923 0.1778846153846154 0.1622596153846154
1 0.5204326923076923 0.3894230769230769 0.18028846153846154 0.22115384615384615
1 0.14182692307692307 0.4855769230769231 0.18028846153846154 0.19110576923076922
1 0.31850961538461536 0.5865384615384616 0.18509615384615385 0.15985576923076922
1 0.31490384615384615 0.38221153846153844 0.1658653846153846 0.18990384615384615
1 0.8653846153846154 0.5949519230769231 0.16346153846153846 0.23557692307692307
1 0.07091346153846154 0.26322115384615385 0.14182692307692307 0.23798076923076922
1 0.5949519230769231 0.17908653846153846 0.20673076923076922 0.23798076923076922
1 0.6105769230769231 0.9230769230769231 0.21875 0.1502403846153846
2 0.6129807692307693 0.6622596153846154 0.33653846153846156 0.4206730769230769