1 0.9411057692307693 0.6646634615384616 0.11298076923076923 0.24759615384615385
1 0.7632211538461539 0.3473557692307692 0.21394230769230768 0.25841346153846156
1 0.41346153846153844 0.5552884615384616 0.17307692307692307 0.21514423076923078
1 0.6129807692307693 0.6009615384615384 0.22115384615384615 0.17307692307692307
1 0.5192307692307693 0.7536057692307693 0.23798076923076922 0.21033653846153846
1 0.7259615384615384 0.8305288461538461 0.23798076923076922 0.21033653846153846
1 0.2824519230769231 0.11298076923076923 0.1875 0.20192307692307693
1 0.21153846153846154 0.26802884615384615 0.24759615384615385 0.17668269230769232
1 0.30288461538461536 0.8882211538461539 0.21875 0.21875
1 0.25721153846153844 0.6466346153846154 0.24759615384615385 0.21514423076923078
1 0.9230769230769231 0.890625 0.14903846153846154 0.21394230769230768
1 0.5841346153846154 0.12139423076923077 0.1875 0.20192307692307693
1 0.10817307692307693 0.4074519230769231 0.1875 0.20192307692307693
1 0.08774038461538461 0.0829326923076923 0.17548076923076922 0.16105769230769232
2 0.5024038461538461 0.32211538461538464 0.4014423076923077 0.46033653846153844