1 0.23677884615384615 0.8509615384615384 0.14903846153846154 0.17668269230769232
1 0.47475961538461536 0.7776442307692307 0.16826923076923078 0.20192307692307693
1 0.7067307692307693 0.7139423076923077 0.1658653846153846 0.17307692307692307
1 0.8978365384615384 0.7307692307692307 0.12740384615384615 0.2608173076923077
1 0.14543269230769232 0.5600961538461539 0.18509615384615385 0.2668269230769231
1 0.46033653846153844 0.5697115384615384 0.16826923076923078 0.20192307692307693
1 0.5721153846153846 0.5612980769230769 0.1466346153846154 0.20192307692307693
1 0.4987980769230769 0.23197115384615385 0.16826923076923078 0.20192307692307693
1 0.41466346153846156 0.3581730769230769 0.18509615384615385 0.20793269230769232
1 0.3088942307692308 0.4519230769230769 0.18509615384615385 0.20793269230769232
1 0.13221153846153846 0.2692307692307692 0.18509615384615385 0.20793269230769232
1 0.7415865384615384 0.5432692307692307 0.15384615384615385 0.18990384615384615
1 0.8100961538461539 0.5216346153846154 0.15384615384615385 0.18990384615384615
1 0.7487980769230769 0.3317307692307692 0.1875 0.19831730769230768
1 0.6237980769230769 0.1346153846153846 0.1875 0.19831730769230768
1 0.6298076923076923 0.8990384615384616 0.23076923076923078 0.19831730769230768
1 0.2800480769230769 0.25721153846153844 0.14903846153846154 0.17668269230769232
1 0.30288461538461536 0.15144230769230768 0.14903846153846154 0.17668269230769232
2 0.8209134615384616 0.10096153846153846 0.31490384615384615 0.19831730769230768