0 0.8473557692307693 0.5588942307692307 0.09615384615384616 0.0829326923076923
2 0.44350961538461536 0.5276442307692307 0.33413461538461536 0.3161057692307692
1 0.27283653846153844 0.30408653846153844 0.31490384615384615 0.22115384615384615
1 0.2548076923076923 0.5901442307692307 0.22115384615384615 0.21875
1 0.1814903846153846 0.7680288461538461 0.21634615384615385 0.21875
1 0.21754807692307693 0.8653846153846154 0.21634615384615385 0.21875
1 0.3425480769230769 0.9362980769230769 0.2091346153846154 0.12259615384615384
1 0.5168269230769231 0.7800480769230769 0.23076923076923078 0.13942307692307693
1 0.6514423076923077 0.3449519230769231 0.21394230769230768 0.23076923076923078
1 0.23197115384615385 0.11658653846153846 0.21634615384615385 0.22956730769230768
1 0.0985576923076923 0.3713942307692308 0.1971153846153846 0.23317307692307693
1 0.8461538461538461 0.8605769230769231 0.25 0.2127403846153846
1 0.9663461538461539 0.6923076923076923 0.0625 0.22115384615384615
1 0.8149038461538461 0.2548076923076923 0.24759615384615385 0.21514423076923078
1 0.7716346153846154 0.08413461538461539 0.19471153846153846 0.16466346153846154
1 0.5408653846153846 0.15745192307692307 0.21394230769230768 0.23076923076923078
1 0.6358173076923077 0.06971153846153846 0.19230769230769232 0.13581730769230768