1 0.4735576923076923 0.35096153846153844 0.22355769230769232 0.22235576923076922
1 0.12980769230769232 0.32572115384615385 0.22355769230769232 0.22235576923076922
1 0.6538461538461539 0.22115384615384615 0.20673076923076922 0.2668269230769231
1 0.8629807692307693 0.28846153846153844 0.20432692307692307 0.2692307692307692
1 0.8317307692307693 0.5348557692307693 0.20673076923076922 0.2668269230769231
1 0.8954326923076923 0.8365384615384616 0.20432692307692307 0.2692307692307692
1 0.8365384615384616 0.8653846153846154 0.20673076923076922 0.2644230769230769
1 0.40625 0.4735576923076923 0.1971153846153846 0.22235576923076922
1 0.6682692307692307 0.4879807692307692 0.1971153846153846 0.22235576923076922
1 0.054086538461538464 0.24519230769230768 0.10817307692307693 0.22596153846153846
1 0.49158653846153844 0.09134615384615384 0.23798076923076922 0.17908653846153846
1 0.2403846153846154 0.07451923076923077 0.25240384615384615 0.14423076923076922
1 0.32572115384615385 0.453125 0.17307692307692307 0.21875
1 0.28725961538461536 0.5072115384615384 0.17307692307692307 0.21875
1 0.2403846153846154 0.5492788461538461 0.17307692307692307 0.21875
1 0.13701923076923078 0.5901442307692307 0.17307692307692307 0.21875
0 0.20793269230769232 0.171875 0.07211538461538461 0.0733173076923077
0 0.13701923076923078 0.8713942307692307 0.07211538461538461 0.0733173076923077
0 0.26802884615384615 0.671875 0.07211538461538461 0.0733173076923077
2 0.6045673076923077 0.7992788461538461 0.4206730769230769 0.39783653846153844
1 0.3701923076923077 0.7512019230769231 0.16826923076923078 0.2608173076923077
1 0.09735576923076923 0.12139423076923077 0.19471153846153846 0.1658653846153846