2 0.6911057692307693 0.5901442307692307 0.28846153846153844 0.3713942307692308
0 0.8004807692307693 0.7175480769230769 0.06490384615384616 0.06490384615384616
0 0.7680288461538461 0.03245192307692308 0.06490384615384616 0.06009615384615385
0 0.3557692307692308 0.44711538461538464 0.06490384615384616 0.06490384615384616
1 0.8894230769230769 0.43509615384615385 0.1875 0.19110576923076922
1 0.9074519230769231 0.5060096153846154 0.18028846153846154 0.19471153846153846
1 0.47475961538461536 0.3918269230769231 0.17067307692307693 0.19110576923076922
1 0.4050480769230769 0.2644230769230769 0.17067307692307693 0.19110576923076922
1 0.5024038461538461 0.15384615384615385 0.19471153846153846 0.21634615384615385
1 0.21995192307692307 0.23076923076923078 0.2283653846153846 0.21634615384615385
1 0.18509615384615385 0.4230769230769231 0.18028846153846154 0.25
1 0.057692307692307696 0.8737980769230769 0.11538461538461539 0.25240384615384615
1 0.23557692307692307 0.8882211538461539 0.22115384615384615 0.21875
1 0.4567307692307692 0.9038461538461539 0.1971153846153846 0.1875
1 0.32091346153846156 0.6225961538461539 0.17307692307692307 0.20793269230769232
1 0.9290865384615384 0.1658653846153846 0.13701923076923078 0.28365384615384615