1 0.28966346153846156 0.34375 0.22596153846153846 0.20793269230769232
1 0.5036057692307693 0.6838942307692307 0.22115384615384615 0.2668269230769231
1 0.21514423076923078 0.5168269230769231 0.2091346153846154 0.24639423076923078
1 0.7608173076923077 0.8161057692307693 0.25 0.21033653846153846
1 0.9170673076923077 0.359375 0.13701923076923078 0.2980769230769231
1 0.3293269230769231 0.13341346153846154 0.2403846153846154 0.24158653846153846
1 0.15985576923076922 0.125 0.15625 0.24639423076923078
1 0.10817307692307693 0.6694711538461539 0.1778846153846154 0.2608173076923077
1 0.06610576923076923 0.37259615384615385 0.13221153846153846 0.23076923076923078
1 0.038461538461538464 0.09014423076923077 0.07692307692307693 0.18028846153846154
1 0.49759615384615385 0.8918269230769231 0.22115384615384615 0.2127403846153846
0 0.15985576923076922 0.35697115384615385 0.055288461538461536 0.06490384615384616
0 0.35697115384615385 0.5012019230769231 0.0985576923076923 0.09735576923076923
2 0.5504807692307693 0.375 0.3605769230769231 0.36658653846153844