1 0.11177884615384616 0.7463942307692307 0.17067307692307693 0.2439903846153846
1 0.2800480769230769 0.10216346153846154 0.17067307692307693 0.19951923076923078
1 0.6117788461538461 0.7620192307692307 0.17307692307692307 0.25
1 0.7115384615384616 0.890625 0.19951923076923078 0.21514423076923078
1 0.8834134615384616 0.8990384615384616 0.1875 0.19831730769230768
1 0.3942307692307692 0.8894230769230769 0.18990384615384615 0.19951923076923078
1 0.8329326923076923 0.3545673076923077 0.17307692307692307 0.20432692307692307
1 0.7992788461538461 0.09134615384615384 0.15865384615384615 0.17908653846153846
0 0.16105769230769232 0.21394230769230768 0.08413461538461539 0.08533653846153846
0 0.6598557692307693 0.3161057692307692 0.055288461538461536 0.07692307692307693
2 0.43990384615384615 0.5961538461538461 0.37259615384615385 0.44591346153846156
1 0.49158653846153844 0.10216346153846154 0.18269230769230768 0.19951923076923078
1 0.140625 0.08413461538461539 0.17067307692307693 0.14423076923076922