1 0.3870192307692308 0.6322115384615384 0.21875 0.22235576923076922
1 0.9038461538461539 0.5997596153846154 0.1875 0.2247596153846154
1 0.8713942307692307 0.3401442307692308 0.18509615384615385 0.23798076923076922
1 0.9134615384615384 0.09735576923076923 0.16826923076923078 0.19471153846153846
1 0.6778846153846154 0.3137019230769231 0.17548076923076922 0.1935096153846154
1 0.7115384615384616 0.5216346153846154 0.16826923076923078 0.1935096153846154
1 0.5144230769230769 0.41947115384615385 0.13942307692307693 0.2692307692307692
1 0.47596153846153844 0.8894230769230769 0.1658653846153846 0.20793269230769232
1 0.7728365384615384 0.8245192307692307 0.19951923076923078 0.22716346153846154
1 0.08173076923076923 0.5396634615384616 0.16346153846153846 0.23798076923076922
1 0.08653846153846154 0.3173076923076923 0.16346153846153846 0.23557692307692307
1 0.2536057692307692 0.7644230769230769 0.16346153846153846 0.23317307692307693
1 0.5745192307692307 0.6682692307692307 0.16346153846153846 0.23317307692307693
1 0.1310096153846154 0.06370192307692307 0.1971153846153846 0.12259615384615384
2 0.6081730769230769 0.13221153846153846 0.3629807692307692 0.2608173076923077