1 0.18990384615384615 0.1814903846153846 0.15384615384615385 0.19951923076923078
1 0.21514423076923078 0.32572115384615385 0.23557692307692307 0.21875
1 0.30408653846153844 0.4387019230769231 0.23557692307692307 0.21875
1 0.4639423076923077 0.12620192307692307 0.23557692307692307 0.21875
1 0.5072115384615384 0.2848557692307692 0.21634615384615385 0.19831730769230768
1 0.6766826923076923 0.11899038461538461 0.2091346153846154 0.22956730769230768
1 0.8293269230769231 0.36658653846153844 0.25240384615384615 0.2247596153846154
1 0.6838942307692307 0.6081730769230769 0.25 0.22956730769230768
1 0.09495192307692307 0.7836538461538461 0.18990384615384615 0.23076923076923078
1 0.6021634615384616 0.8581730769230769 0.23317307692307693 0.22956730769230768
1 0.6502403846153846 0.34975961538461536 0.25240384615384615 0.2247596153846154
1 0.8954326923076923 0.0985576923076923 0.20432692307692307 0.1971153846153846
2 0.34615384615384615 0.6935096153846154 0.5120192307692307 0.46634615384615385
0 0.8269230769230769 0.6057692307692307 0.17548076923076922 0.14543269230769232
0 0.6490384615384616 0.9603365384615384 0.10336538461538461 0.07451923076923077