1 0.6754807692307693 0.6370192307692307 0.24278846153846154 0.23557692307692307
1 0.5288461538461539 0.7067307692307693 0.20673076923076922 0.2608173076923077
1 0.3894230769230769 0.7463942307692307 0.19230769230769232 0.17067307692307693
1 0.36177884615384615 0.8161057692307693 0.2091346153846154 0.17668269230769232
1 0.1622596153846154 0.8870192307692307 0.18269230769230768 0.20793269230769232
1 0.1466346153846154 0.28725961538461536 0.15384615384615385 0.19951923076923078
1 0.8882211538461539 0.4170673076923077 0.18509615384615385 0.22115384615384615
1 0.8569711538461539 0.8617788461538461 0.19951923076923078 0.20673076923076922
1 0.7067307692307693 0.22235576923076922 0.21153846153846154 0.21875
1 0.47836538461538464 0.20192307692307693 0.17548076923076922 0.18389423076923078
1 0.390625 0.15625 0.17307692307692307 0.19591346153846154
2 0.3557692307692308 0.4723557692307692 0.3870192307692308 0.4651442307692308