1 0.8990384615384616 0.5084134615384616 0.15865384615384615 0.21634615384615385
1 0.4483173076923077 0.6754807692307693 0.19230769230769232 0.19591346153846154
1 0.1658653846153846 0.5048076923076923 0.19951923076923078 0.1935096153846154
1 0.18028846153846154 0.7403846153846154 0.19951923076923078 0.21875
1 0.2932692307692308 0.2800480769230769 0.19951923076923078 0.21875
1 0.7127403846153846 0.2127403846153846 0.16826923076923078 0.19110576923076922
1 0.7211538461538461 0.9026442307692307 0.17067307692307693 0.18990384615384615
1 0.35336538461538464 0.8581730769230769 0.16826923076923078 0.19110576923076922
1 0.5108173076923077 0.12740384615384615 0.16826923076923078 0.19110576923076922
1 0.43028846153846156 0.6165865384615384 0.19230769230769232 0.19591346153846154
1 0.8713942307692307 0.5336538461538461 0.15865384615384615 0.21634615384615385
2 0.6201923076923077 0.5144230769230769 0.4495192307692308 0.4411057692307692
0 0.8137019230769231 0.7944711538461539 0.07932692307692307 0.09375