1 0.8064903846153846 0.671875 0.1778846153846154 0.21514423076923078
1 0.8401442307692307 0.3737980769230769 0.1778846153846154 0.21514423076923078
1 0.9206730769230769 0.5480769230769231 0.15384615384615385 0.22115384615384615
1 0.9242788461538461 0.21634615384615385 0.11778846153846154 0.22115384615384615
1 0.5516826923076923 0.12860576923076922 0.19471153846153846 0.22115384615384615
1 0.578125 0.7884615384615384 0.19951923076923078 0.23076923076923078
1 0.41586538461538464 0.828125 0.16346153846153846 0.2439903846153846
1 0.7175480769230769 0.8870192307692307 0.16105769230769232 0.22115384615384615
1 0.06610576923076923 0.5709134615384616 0.12740384615384615 0.22115384615384615
1 0.042067307692307696 0.10576923076923077 0.08413461538461539 0.21153846153846154
1 0.10096153846153846 0.9206730769230769 0.14903846153846154 0.15384615384615385
1 0.2644230769230769 0.9026442307692307 0.19230769230769232 0.19110576923076922
1 0.1310096153846154 0.24278846153846154 0.19230769230769232 0.1935096153846154
2 0.45552884615384615 0.4495192307692308 0.35096153846153844 0.43149038461538464
0 0.44471153846153844 0.1141826923076923 0.04807692307692308 0.07932692307692307