1 0.15264423076923078 0.5805288461538461 0.20432692307692307 0.19831730769230768
1 0.046875 0.578125 0.09375 0.24278846153846154
1 0.40384615384615385 0.5516826923076923 0.2692307692307692 0.22956730769230768
1 0.875 0.18389423076923078 0.22115384615384615 0.1875
1 0.9639423076923077 0.14543269230769232 0.0673076923076923 0.2283653846153846
1 0.8040865384615384 0.4266826923076923 0.22115384615384615 0.2247596153846154
1 0.8317307692307693 0.6850961538461539 0.2764423076923077 0.23798076923076922
1 0.6586538461538461 0.8810096153846154 0.22115384615384615 0.2247596153846154
1 0.6033653846153846 0.5877403846153846 0.22115384615384615 0.2247596153846154
1 0.4567307692307692 0.19591346153846154 0.2283653846153846 0.28725961538461536
1 0.2644230769230769 0.2620192307692308 0.21634615384615385 0.21634615384615385
1 0.20432692307692307 0.47475961538461536 0.21634615384615385 0.21634615384615385
1 0.1502403846153846 0.8677884615384616 0.16105769230769232 0.18990384615384615
1 0.4579326923076923 0.8040865384615384 0.1971153846153846 0.19591346153846154
1 0.4855769230769231 0.9411057692307693 0.23076923076923078 0.1141826923076923
1 0.0673076923076923 0.7668269230769231 0.1346153846153846 0.1971153846153846
1 0.32572115384615385 0.1310096153846154 0.24519230769230768 0.19110576923076922
2 0.6850961538461539 0.1346153846153846 0.4567307692307692 0.2644230769230769