2 0.6706730769230769 0.3076923076923077 0.3125 0.37740384615384615
1 0.6081730769230769 0.671875 0.19471153846153846 0.21514423076923078
1 0.6670673076923077 0.6213942307692307 0.19471153846153846 0.21514423076923078
1 0.2980769230769231 0.5360576923076923 0.16346153846153846 0.21514423076923078
1 0.17067307692307693 0.671875 0.19471153846153846 0.21514423076923078
1 0.06370192307692307 0.22596153846153846 0.12740384615384615 0.2403846153846154
1 0.47596153846153844 0.11538461538461539 0.1658653846153846 0.22716346153846154
1 0.9134615384615384 0.3473557692307692 0.15144230769230768 0.19591346153846154
1 0.9230769230769231 0.6045673076923077 0.14903846153846154 0.21875
1 0.8521634615384616 0.7103365384615384 0.17307692307692307 0.21634615384615385
1 0.46875 0.8377403846153846 0.22115384615384615 0.23798076923076922
1 0.3329326923076923 0.7620192307692307 0.16826923076923078 0.2247596153846154
1 0.07451923076923077 0.38341346153846156 0.14903846153846154 0.2283653846153846
1 0.3449519230769231 0.5432692307692307 0.10817307692307693 0.2127403846153846
1 0.3125 0.9158653846153846 0.16826923076923078 0.16466346153846154
1 0.21995192307692307 0.9158653846153846 0.16826923076923078 0.16466346153846154
0 0.75 0.7740384615384616 0.0625 0.0733173076923077
1 0.1778846153846154 0.3425480769230769 0.16346153846153846 0.21514423076923078
1 0.7980769230769231 0.9098557692307693 0.1778846153846154 0.17668269230769232
1 0.7391826923076923 0.09735576923076923 0.23557692307692307 0.18389423076923078