1 0.4230769230769231 0.1658653846153846 0.24278846153846154 0.1935096153846154
1 0.2512019230769231 0.12860576923076922 0.23076923076923078 0.1875
1 0.34375 0.7151442307692307 0.24278846153846154 0.1935096153846154
1 0.5949519230769231 0.8016826923076923 0.24278846153846154 0.2247596153846154
1 0.703125 0.5661057692307693 0.19471153846153846 0.22716346153846154
1 0.9375 0.3918269230769231 0.1201923076923077 0.2692307692307692
1 0.2980769230769231 0.4891826923076923 0.20432692307692307 0.2127403846153846
1 0.5144230769230769 0.3016826923076923 0.20432692307692307 0.2127403846153846
1 0.23798076923076922 0.2704326923076923 0.2091346153846154 0.1875
1 0.40384615384615385 0.8329326923076923 0.23557692307692307 0.25
2 0.6971153846153846 0.3004807692307692 0.2764423076923077 0.2776442307692308
0 0.21394230769230768 0.5612980769230769 0.06971153846153846 0.06850961538461539
2 0.8701923076923077 0.6838942307692307 0.17548076923076922 0.2608173076923077