1 0.6574519230769231 0.4362980769230769 0.18509615384615385 0.21875
1 0.625 0.9002403846153846 0.22115384615384615 0.19591346153846154
1 0.7548076923076923 0.8557692307692307 0.21875 0.19831730769230768
1 0.6286057692307693 0.6814903846153846 0.25 0.22115384615384615
1 0.25240384615384615 0.7271634615384616 0.25 0.22115384615384615
1 0.23076923076923078 0.4735576923076923 0.1971153846153846 0.21514423076923078
1 0.5877403846153846 0.1310096153846154 0.2620192307692308 0.24639423076923078
1 0.8990384615384616 0.9038461538461539 0.18990384615384615 0.1875
1 0.7764423076923077 0.6418269230769231 0.18028846153846154 0.23317307692307693
1 0.30649038461538464 0.07572115384615384 0.20673076923076922 0.14783653846153846
2 0.4110576923076923 0.36177884615384615 0.49278846153846156 0.4855769230769231