1 0.3161057692307692 0.5733173076923077 0.13701923076923078 0.20432692307692307
1 0.22235576923076922 0.5733173076923077 0.13701923076923078 0.20432692307692307
1 0.296875 0.16947115384615385 0.15384615384615385 0.20192307692307693
1 0.5733173076923077 0.10216346153846154 0.15625 0.19951923076923078
1 0.4639423076923077 0.41466346153846156 0.13221153846153846 0.23798076923076922
1 0.8737980769230769 0.3293269230769231 0.15865384615384615 0.23317307692307693
1 0.9519230769230769 0.7055288461538461 0.09134615384615384 0.23317307692307693
2 0.6682692307692307 0.4098557692307692 0.3557692307692308 0.40024038461538464
1 0.3004807692307692 0.7572115384615384 0.16826923076923078 0.19831730769230768
1 0.46153846153846156 0.7884615384615384 0.16826923076923078 0.19831730769230768
1 0.5637019230769231 0.8545673076923077 0.18269230769230768 0.19951923076923078