1 0.24158653846153846 0.640625 0.2403846153846154 0.1814903846153846
1 0.6153846153846154 0.3161057692307692 0.23798076923076922 0.25
1 0.9014423076923077 0.5588942307692307 0.19230769230769232 0.25240384615384615
1 0.028846153846153848 0.2127403846153846 0.057692307692307696 0.25240384615384615
1 0.12139423076923077 0.2608173076923077 0.24278846153846154 0.24278846153846154
1 0.14423076923076922 0.40865384615384615 0.2548076923076923 0.24158653846153846
1 0.21394230769230768 0.8329326923076923 0.22596153846153846 0.2247596153846154
1 0.4050480769230769 0.09134615384615384 0.2403846153846154 0.17908653846153846
0 0.07692307692307693 0.5192307692307693 0.11057692307692307 0.09615384615384616
0 0.31850961538461536 0.4855769230769231 0.11057692307692307 0.0829326923076923
2 0.6706730769230769 0.7259615384615384 0.6538461538461539 0.5480769230769231