1 0.3088942307692308 0.41947115384615385 0.20192307692307693 0.21875
1 0.5480769230769231 0.390625 0.20192307692307693 0.21875
1 0.6454326923076923 0.171875 0.20192307692307693 0.21875
1 0.4519230769230769 0.24879807692307693 0.18990384615384615 0.20192307692307693
1 0.3485576923076923 0.13701923076923078 0.18990384615384615 0.20192307692307693
1 0.27163461538461536 0.6262019230769231 0.18990384615384615 0.20192307692307693
1 0.33052884615384615 0.8040865384615384 0.21634615384615385 0.19951923076923078
1 0.43990384615384615 0.5961538461538461 0.21634615384615385 0.19951923076923078
1 0.8329326923076923 0.6598557692307693 0.21634615384615385 0.23918269230769232
1 0.9314903846153846 0.14302884615384615 0.13221153846153846 0.24278846153846154
1 0.8004807692307693 0.29447115384615385 0.2692307692307692 0.22716346153846154
1 0.10336538461538461 0.7175480769230769 0.20673076923076922 0.24278846153846154
1 0.12139423076923077 0.5036057692307693 0.21634615384615385 0.23918269230769232
2 0.5685096153846154 0.8629807692307693 0.4423076923076923 0.2692307692307692