1 0.49399038461538464 0.9086538461538461 0.23798076923076922 0.17908653846153846
1 0.3088942307692308 0.8473557692307693 0.24519230769230768 0.20673076923076922
1 0.5877403846153846 0.7115384615384616 0.27403846153846156 0.24759615384615385
1 0.8605769230769231 0.9278846153846154 0.2283653846153846 0.13942307692307693
1 0.8617788461538461 0.4266826923076923 0.27163461538461536 0.23317307692307693
1 0.28125 0.11298076923076923 0.21153846153846154 0.22115384615384615
1 0.8713942307692307 0.7944711538461539 0.25240384615384615 0.21875
1 0.36538461538461536 0.5024038461538461 0.25721153846153844 0.21634615384615385
1 0.15865384615384615 0.42908653846153844 0.25721153846153844 0.21634615384615385
1 0.46875 0.07091346153846154 0.2932692307692308 0.13341346153846154
1 0.7872596153846154 0.15504807692307693 0.18509615384615385 0.20192307692307693
2 0.5300480769230769 0.3161057692307692 0.4543269230769231 0.3954326923076923