1 0.7788461538461539 0.5673076923076923 0.17067307692307693 0.1814903846153846
1 0.8689903846153846 0.3629807692307692 0.14903846153846154 0.1875
1 0.9555288461538461 0.2608173076923077 0.08413461538461539 0.21875
1 0.8641826923076923 0.16826923076923078 0.18990384615384615 0.19110576923076922
1 0.171875 0.25721153846153844 0.16346153846153846 0.1935096153846154
1 0.18269230769230768 0.09014423076923077 0.19951923076923078 0.17668269230769232
1 0.3112980769230769 0.30408653846153844 0.21875 0.25
1 0.3173076923076923 0.5949519230769231 0.17067307692307693 0.22716346153846154
1 0.054086538461538464 0.9074519230769231 0.10817307692307693 0.18028846153846154
1 0.2776442307692308 0.8088942307692307 0.1778846153846154 0.1875
1 0.4879807692307692 0.06850961538461539 0.15384615384615385 0.13341346153846154
1 0.18629807692307693 0.7956730769230769 0.17067307692307693 0.25
1 0.9459134615384616 0.4699519230769231 0.10336538461538461 0.19471153846153846
1 0.4338942307692308 0.44471153846153844 0.17067307692307693 0.1814903846153846
2 0.5012019230769231 0.6790865384615384 0.43028846153846156 0.47475961538461536