1 0.5264423076923077 0.6478365384615384 0.18269230769230768 0.19110576923076922
1 0.7103365384615384 0.09735576923076923 0.18269230769230768 0.18990384615384615
1 0.35697115384615385 0.32572115384615385 0.18269230769230768 0.22716346153846154
1 0.14543269230769232 0.3641826923076923 0.21875 0.2536057692307692
1 0.6310096153846154 0.296875 0.19951923076923078 0.21033653846153846
1 0.9206730769230769 0.26322115384615385 0.15384615384615385 0.2091346153846154
1 0.3581730769230769 0.5564903846153846 0.1778846153846154 0.23798076923076922
1 0.7932692307692307 0.46875 0.20192307692307693 0.25841346153846156
1 0.140625 0.7836538461538461 0.20432692307692307 0.24639423076923078
1 0.7007211538461539 0.9026442307692307 0.18269230769230768 0.18990384615384615
0 0.7007211538461539 0.7223557692307693 0.09615384615384616 0.09014423076923077
0 0.6201923076923077 0.5588942307692307 0.07692307692307693 0.09014423076923077
0 0.4098557692307692 0.6730769230769231 0.07932692307692307 0.09615384615384616
2 0.3581730769230769 0.8665865384615384 0.28365384615384615 0.2620192307692308