2 0.44471153846153844 0.5324519230769231 0.4254807692307692 0.4483173076923077
1 0.7632211538461539 0.24639423076923078 0.21634615384615385 0.22235576923076922
1 0.8629807692307693 0.1346153846153846 0.21634615384615385 0.22235576923076922
1 0.9591346153846154 0.21514423076923078 0.07692307692307693 0.22355769230769232
1 0.7872596153846154 0.4495192307692308 0.2644230769230769 0.21875
1 0.6887019230769231 0.6658653846153846 0.2644230769230769 0.21875
1 0.1310096153846154 0.6754807692307693 0.2620192307692308 0.22115384615384615
1 0.07451923076923077 0.703125 0.14903846153846154 0.19951923076923078
1 0.10576923076923077 0.45552884615384615 0.21153846153846154 0.24278846153846154
1 0.2608173076923077 0.23076923076923078 0.21875 0.23798076923076922
1 0.45552884615384615 0.22716346153846154 0.24759615384615385 0.23798076923076922
1 0.5805288461538461 0.21033653846153846 0.24759615384615385 0.23798076923076922
1 0.5985576923076923 0.09254807692307693 0.24519230769230768 0.1814903846153846
1 0.8485576923076923 0.6742788461538461 0.21875 0.21033653846153846
1 0.037259615384615384 0.9110576923076923 0.07451923076923077 0.1778846153846154
0 0.18028846153846154 0.9362980769230769 0.0889423076923077 0.08173076923076923
0 0.1045673076923077 0.8629807692307693 0.0889423076923077 0.08173076923076923
0 0.8822115384615384 0.5300480769230769 0.0889423076923077 0.08173076923076923