1 0.3269230769230769 0.6790865384615384 0.1778846153846154 0.19951923076923078
1 0.19230769230769232 0.2536057692307692 0.21153846153846154 0.22956730769230768
1 0.4326923076923077 0.17548076923076922 0.16105769230769232 0.2536057692307692
1 0.9026442307692307 0.5805288461538461 0.17067307692307693 0.2439903846153846
1 0.8076923076923077 0.5300480769230769 0.18509615384615385 0.2692307692307692
1 0.6442307692307693 0.2620192307692308 0.17307692307692307 0.24759615384615385
1 0.6983173076923077 0.8028846153846154 0.1971153846153846 0.23557692307692307
1 0.5528846153846154 0.7668269230769231 0.19230769230769232 0.19110576923076922
1 0.8653846153846154 0.8798076923076923 0.21634615384615385 0.22716346153846154
1 0.3389423076923077 0.8942307692307693 0.18990384615384615 0.19831730769230768
1 0.08653846153846154 0.10576923076923077 0.17307692307692307 0.1778846153846154
1 0.8665865384615384 0.18269230769230768 0.19230769230769232 0.24759615384615385
1 0.12860576923076922 0.6442307692307693 0.15625 0.20793269230769232
1 0.05889423076923077 0.43509615384615385 0.11778846153846154 0.2403846153846154
1 0.21514423076923078 0.45913461538461536 0.25 0.23918269230769232
2 0.5060096153846154 0.484375 0.4182692307692308 0.43990384615384615
0 0.47596153846153844 0.8762019230769231 0.06490384615384616 0.09375
0 0.75 0.21514423076923078 0.0889423076923077 0.10216346153846154