1 0.7668269230769231 0.6057692307692307 0.17067307692307693 0.18389423076923078
1 0.8509615384615384 0.9074519230769231 0.17307692307692307 0.1814903846153846
1 0.5300480769230769 0.14423076923076922 0.17067307692307693 0.18509615384615385
1 0.1778846153846154 0.8028846153846154 0.1778846153846154 0.25240384615384615
1 0.3293269230769231 0.25240384615384615 0.1778846153846154 0.2536057692307692
1 0.2860576923076923 0.9158653846153846 0.17307692307692307 0.16466346153846154
1 0.8245192307692307 0.3701923076923077 0.15384615384615385 0.15985576923076922
1 0.7692307692307693 0.1658653846153846 0.18028846153846154 0.23557692307692307
1 0.19951923076923078 0.31971153846153844 0.14423076923076922 0.2439903846153846
1 0.7331730769230769 0.3641826923076923 0.14903846153846154 0.17548076923076922
1 0.9302884615384616 0.6875 0.12980769230769232 0.25841346153846156
2 0.5600961538461539 0.6995192307692307 0.37740384615384615 0.46274038461538464