2 0.6694711538461539 0.5817307692307693 0.36778846153846156 0.28125
1 0.6105769230769231 0.2956730769230769 0.28125 0.23317307692307693
1 0.8798076923076923 0.4411057692307692 0.2091346153846154 0.19591346153846154
1 0.9134615384615384 0.265625 0.16826923076923078 0.21875
1 0.4723557692307692 0.8257211538461539 0.2283653846153846 0.21033653846153846
1 0.5769230769230769 0.8509615384615384 0.2283653846153846 0.21033653846153846
1 0.6370192307692307 0.8473557692307693 0.2283653846153846 0.21033653846153846
1 0.7439903846153846 0.8473557692307693 0.2283653846153846 0.21033653846153846
1 0.32572115384615385 0.7487980769230769 0.2283653846153846 0.21033653846153846
1 0.16346153846153846 0.7379807692307693 0.2283653846153846 0.21033653846153846
1 0.15625 0.515625 0.2283653846153846 0.21033653846153846
1 0.3401442307692308 0.11778846153846154 0.25961538461538464 0.22716346153846154
1 0.5276442307692307 0.09975961538461539 0.2620192307692308 0.19591346153846154
1 0.8894230769230769 0.09975961538461539 0.21634615384615385 0.19951923076923078
1 0.8100961538461539 0.25961538461538464 0.2620192307692308 0.19831730769230768
0 0.054086538461538464 0.6430288461538461 0.07932692307692307 0.06490384615384616
1 0.32572115384615385 0.4723557692307692 0.28125 0.23317307692307693
1 0.04567307692307692 0.9050480769230769 0.09134615384615384 0.18509615384615385