1 0.9014423076923077 0.5288461538461539 0.19230769230769232 0.1875
1 0.7307692307692307 0.7512019230769231 0.18509615384615385 0.22235576923076922
1 0.8689903846153846 0.6995192307692307 0.1466346153846154 0.2920673076923077
1 0.38221153846153844 0.6442307692307693 0.20432692307692307 0.21634615384615385
1 0.5420673076923077 0.7692307692307693 0.18990384615384615 0.17307692307692307
1 0.5504807692307693 0.5096153846153846 0.15144230769230768 0.2848557692307692
1 0.4230769230769231 0.4495192307692308 0.18509615384615385 0.22235576923076922
1 0.11899038461538461 0.6442307692307693 0.20192307692307693 0.22235576923076922
1 0.09014423076923077 0.3245192307692308 0.18028846153846154 0.22596153846153846
1 0.5733173076923077 0.9230769230769231 0.2091346153846154 0.1502403846153846
1 0.7019230769230769 0.5204326923076923 0.21394230769230768 0.17908653846153846
1 0.7992788461538461 0.2536057692307692 0.21394230769230768 0.21875
1 0.3004807692307692 0.5348557692307693 0.15144230769230768 0.17307692307692307
1 0.13942307692307693 0.06971153846153846 0.15144230769230768 0.13581730769230768
1 0.39783653846153844 0.8677884615384616 0.16826923076923078 0.2608173076923077
0 0.1658653846153846 0.17067307692307693 0.08653846153846154 0.0829326923076923
2 0.49278846153846156 0.19471153846153846 0.38221153846153844 0.3858173076923077