1 0.6598557692307693 0.19951923076923078 0.18990384615384615 0.20192307692307693
1 0.9591346153846154 0.12740384615384615 0.07692307692307693 0.20673076923076922
1 0.42788461538461536 0.6814903846153846 0.2764423076923077 0.16706730769230768
1 0.6610576923076923 0.39783653846153844 0.2283653846153846 0.16706730769230768
1 0.4723557692307692 0.8569711538461539 0.22115384615384615 0.18509615384615385
1 0.75 0.8786057692307693 0.19230769230769232 0.2127403846153846
1 0.46634615384615385 0.36658653846153844 0.19471153846153846 0.22115384615384615
1 0.30408653846153844 0.4375 0.21394230769230768 0.20793269230769232
1 0.296875 0.25961538461538464 0.22115384615384615 0.21514423076923078
1 0.08533653846153846 0.6694711538461539 0.17067307692307693 0.23317307692307693
1 0.10817307692307693 0.4987980769230769 0.1658653846153846 0.23076923076923078
1 0.48197115384615385 0.07451923076923077 0.18509615384615385 0.14543269230769232
0 0.23197115384615385 0.11298076923076923 0.08413461538461539 0.08533653846153846
0 0.05048076923076923 0.3449519230769231 0.05048076923076923 0.06490384615384616
2 0.8461538461538461 0.6033653846153846 0.30288461538461536 0.41346153846153844
0 0.8858173076923077 0.9423076923076923 0.0673076923076923 0.06009615384615385