1 0.29447115384615385 0.7199519230769231 0.20432692307692307 0.2644230769230769
1 0.7043269230769231 0.42788461538461536 0.21875 0.22235576923076922
1 0.7451923076923077 0.25600961538461536 0.17307692307692307 0.22956730769230768
1 0.5540865384615384 0.3004807692307692 0.21634615384615385 0.23798076923076922
1 0.9194711538461539 0.6899038461538461 0.15625 0.23557692307692307
1 0.15504807692307693 0.7463942307692307 0.16105769230769232 0.21634615384615385
1 0.2283653846153846 0.3389423076923077 0.19230769230769232 0.21514423076923078
1 0.15745192307692307 0.5144230769230769 0.24759615384615385 0.19110576923076922
1 0.35336538461538464 0.0673076923076923 0.20673076923076922 0.1310096153846154
1 0.7379807692307693 0.8401442307692307 0.25 0.24759615384615385
0 0.37259615384615385 0.44471153846153844 0.08173076923076923 0.08173076923076923
0 0.9134615384615384 0.9326923076923077 0.07451923076923077 0.0733173076923077
2 0.47475961538461536 0.7007211538461539 0.31971153846153844 0.33533653846153844