1 0.7295673076923077 0.3161057692307692 0.19471153846153846 0.20432692307692307
1 0.7764423076923077 0.8870192307692307 0.21153846153846154 0.22235576923076922
1 0.6286057692307693 0.9110576923076923 0.21153846153846154 0.17307692307692307
1 0.4230769230769231 0.9182692307692307 0.21634615384615385 0.15865384615384615
1 0.9122596153846154 0.5721153846153846 0.17067307692307693 0.1778846153846154
1 0.30649038461538464 0.27524038461538464 0.18990384615384615 0.20793269230769232
1 0.44711538461538464 0.22956730769230768 0.18990384615384615 0.20793269230769232
1 0.796875 0.09014423076923077 0.17067307692307693 0.17668269230769232
1 0.6286057692307693 0.5348557692307693 0.25 0.2620192307692308
1 0.3125 0.09014423076923077 0.18990384615384615 0.17548076923076922
1 0.20432692307692307 0.09014423076923077 0.18990384615384615 0.17548076923076922
1 0.23076923076923078 0.4423076923076923 0.1875 0.17668269230769232
1 0.21875 0.9254807692307693 0.25961538461538464 0.14423076923076922
2 0.47475961538461536 0.6598557692307693 0.43990384615384615 0.34975961538461536
0 0.8786057692307693 0.9326923076923077 0.0673076923076923 0.08173076923076923