1 0.25841346153846156 0.4879807692307692 0.20192307692307693 0.20673076923076922
1 0.3293269230769231 0.27524038461538464 0.17548076923076922 0.21634615384615385
1 0.22716346153846154 0.2620192307692308 0.16105769230769232 0.1875
1 0.4254807692307692 0.8870192307692307 0.19951923076923078 0.22235576923076922
1 0.7463942307692307 0.1622596153846154 0.1778846153846154 0.21634615384615385
1 0.7980769230769231 0.5240384615384616 0.18509615384615385 0.23076923076923078
1 0.7620192307692307 0.4254807692307692 0.18509615384615385 0.2127403846153846
1 0.5084134615384616 0.6322115384615384 0.18990384615384615 0.19831730769230768
1 0.9447115384615384 0.7259615384615384 0.10576923076923077 0.25
1 0.9387019230769231 0.9278846153846154 0.11778846153846154 0.14423076923076922
1 0.8305288461538461 0.9266826923076923 0.17548076923076922 0.14182692307692307
1 0.6358173076923077 0.9026442307692307 0.17548076923076922 0.18990384615384615
1 0.7644230769230769 0.765625 0.17307692307692307 0.20192307692307693
1 0.453125 0.671875 0.17307692307692307 0.20192307692307693
1 0.22355769230769232 0.8052884615384616 0.17307692307692307 0.20192307692307693
1 0.09615384615384616 0.3737980769230769 0.18509615384615385 0.23076923076923078
1 0.4699519230769231 0.43990384615384615 0.17548076923076922 0.1502403846153846
1 0.9206730769230769 0.4050480769230769 0.15144230769230768 0.21875
2 0.5901442307692307 0.21875 0.27163461538461536 0.3245192307692308