1 0.4026442307692308 0.23918269230769232 0.2668269230769231 0.2127403846153846
1 0.43149038461538464 0.7163461538461539 0.23798076923076922 0.2247596153846154
1 0.5084134615384616 0.5072115384615384 0.19951923076923078 0.23076923076923078
1 0.7043269230769231 0.2692307692307692 0.23076923076923078 0.21875
1 0.625 0.4495192307692308 0.20432692307692307 0.22115384615384615
1 0.08173076923076923 0.12620192307692307 0.16346153846153846 0.22355769230769232
1 0.1045673076923077 0.6286057692307693 0.15144230769230768 0.2692307692307692
1 0.8942307692307693 0.45552884615384615 0.20673076923076922 0.24759615384615385
1 0.6430288461538461 0.6995192307692307 0.18509615384615385 0.19591346153846154
1 0.31850961538461536 0.9170673076923077 0.24278846153846154 0.1622596153846154
2 0.8100961538461539 0.7884615384615384 0.375 0.4230769230769231