2 0.5637019230769231 0.625 0.3125 0.33774038461538464
1 0.390625 0.13942307692307693 0.27884615384615385 0.2247596153846154
1 0.5637019230769231 0.36778846153846156 0.22115384615384615 0.24759615384615385
1 0.7920673076923077 0.296875 0.22115384615384615 0.24759615384615385
1 0.7560096153846154 0.43028846153846156 0.22115384615384615 0.24759615384615385
1 0.7572115384615384 0.5817307692307693 0.22115384615384615 0.24759615384615385
1 0.8557692307692307 0.6274038461538461 0.18990384615384615 0.2127403846153846
1 0.8774038461538461 0.7391826923076923 0.18990384615384615 0.2127403846153846
1 0.8653846153846154 0.8413461538461539 0.18990384615384615 0.2127403846153846
1 0.9326923076923077 0.7524038461538461 0.12980769230769232 0.21634615384615385
1 0.03125 0.14543269230769232 0.0625 0.24278846153846154
1 0.12740384615384615 0.1141826923076923 0.23317307692307693 0.2247596153846154
1 0.6887019230769231 0.1201923076923077 0.25961538461538464 0.23557692307692307
0 0.5564903846153846 0.06490384615384616 0.08413461538461539 0.12139423076923077
0 0.4519230769230769 0.9086538461538461 0.08173076923076923 0.07091346153846154
1 0.3485576923076923 0.3449519230769231 0.1875 0.22716346153846154
1 0.0985576923076923 0.42788461538461536 0.1875 0.22716346153846154
1 0.23076923076923078 0.9254807692307693 0.17307692307692307 0.14423076923076922
1 0.3581730769230769 0.9254807692307693 0.17307692307692307 0.14423076923076922
1 0.15865384615384615 0.8677884615384616 0.18509615384615385 0.1814903846153846