1 0.31009615384615385 0.13701923076923078 0.23317307692307693 0.18990384615384615
1 0.7932692307692307 0.29927884615384615 0.24519230769230768 0.21033653846153846
1 0.8581730769230769 0.5192307692307693 0.21634615384615385 0.1935096153846154
1 0.7451923076923077 0.5192307692307693 0.23317307692307693 0.2644230769230769
1 0.609375 0.5600961538461539 0.10576923076923077 0.27884615384615385
1 0.59375 0.6706730769230769 0.20192307692307693 0.22115384615384615
1 0.9182692307692307 0.8401442307692307 0.15865384615384615 0.2283653846153846
1 0.35096153846153844 0.34975961538461536 0.3004807692307692 0.19110576923076922
1 0.10216346153846154 0.4110576923076923 0.20432692307692307 0.2548076923076923
1 0.7211538461538461 0.9206730769230769 0.25721153846153844 0.15384615384615385
1 0.7848557692307693 0.78125 0.17307692307692307 0.23798076923076922
1 0.6177884615384616 0.13701923076923078 0.23317307692307693 0.21875
2 0.3293269230769231 0.6382211538461539 0.6586538461538461 0.5264423076923077