1 0.11778846153846154 0.6742788461538461 0.21634615384615385 0.25600961538461536
1 0.5949519230769231 0.23076923076923078 0.21634615384615385 0.25600961538461536
1 0.35697115384615385 0.4338942307692308 0.2692307692307692 0.20673076923076922
1 0.7740384615384616 0.5516826923076923 0.19471153846153846 0.20793269230769232
1 0.8930288461538461 0.41466346153846156 0.19471153846153846 0.20793269230769232
1 0.8605769230769231 0.17067307692307693 0.20673076923076922 0.2704326923076923
1 0.15384615384615385 0.2776442307692308 0.22596153846153846 0.2608173076923077
1 0.296875 0.0985576923076923 0.2091346153846154 0.1935096153846154
1 0.9483173076923077 0.2403846153846154 0.0985576923076923 0.21153846153846154
1 0.8798076923076923 0.6490384615384616 0.19471153846153846 0.22235576923076922
2 0.42427884615384615 0.7439903846153846 0.45913461538461536 0.5036057692307693
0 0.21153846153846154 0.7776442307692307 0.07932692307692307 0.07451923076923077
0 0.1622596153846154 0.4182692307692308 0.10576923076923077 0.09735576923076923