1 0.6766826923076923 0.31490384615384615 0.17307692307692307 0.21634615384615385
1 0.7331730769230769 0.10817307692307693 0.17548076923076922 0.20432692307692307
1 0.4723557692307692 0.09735576923076923 0.16826923076923078 0.19110576923076922
1 0.28365384615384615 0.1201923076923077 0.16826923076923078 0.1935096153846154
1 0.06129807692307692 0.3173076923076923 0.12259615384615384 0.1778846153846154
1 0.1310096153846154 0.7512019230769231 0.18990384615384615 0.19831730769230768
1 0.6478365384615384 0.6838942307692307 0.18990384615384615 0.19831730769230768
1 0.8894230769230769 0.8737980769230769 0.18990384615384615 0.19831730769230768
1 0.36538461538461536 0.36778846153846156 0.22596153846153846 0.20192307692307693
1 0.6574519230769231 0.8125 0.18028846153846154 0.17908653846153846
1 0.7223557692307693 0.5336538461538461 0.21634615384615385 0.2668269230769231
2 0.43149038461538464 0.6586538461538461 0.34134615384615385 0.3786057692307692