1 0.6538461538461539 0.5060096153846154 0.1778846153846154 0.20432692307692307
1 0.35336538461538464 0.5480769230769231 0.1778846153846154 0.20432692307692307
1 0.2608173076923077 0.5817307692307693 0.1778846153846154 0.20432692307692307
1 0.29086538461538464 0.8161057692307693 0.20192307692307693 0.23317307692307693
1 0.5108173076923077 0.6682692307692307 0.20192307692307693 0.23317307692307693
1 0.6057692307692307 0.8677884615384616 0.19230769230769232 0.20192307692307693
1 0.7548076923076923 0.9206730769230769 0.21634615384615385 0.14543269230769232
1 0.7692307692307693 0.16826923076923078 0.23317307692307693 0.27524038461538464
1 0.8894230769230769 0.6935096153846154 0.1778846153846154 0.20432692307692307
1 0.13341346153846154 0.4495192307692308 0.1778846153846154 0.20432692307692307
1 0.3557692307692308 0.9110576923076923 0.16346153846153846 0.17307692307692307
1 0.8257211538461539 0.5685096153846154 0.19230769230769232 0.17908653846153846
1 0.9122596153846154 0.36177884615384615 0.17067307692307693 0.19471153846153846
1 0.9194711538461539 0.07572115384615384 0.15625 0.15144230769230768
2 0.5552884615384616 0.2920673076923077 0.3076923076923077 0.27524038461538464