2 0.5408653846153846 0.5324519230769231 0.38221153846153844 0.4483173076923077
1 0.33774038461538464 0.24639423076923078 0.19230769230769232 0.22235576923076922
1 0.28365384615384615 0.1346153846153846 0.19230769230769232 0.22235576923076922
1 0.10817307692307693 0.21514423076923078 0.15625 0.22235576923076922
1 0.234375 0.4495192307692308 0.23557692307692307 0.21875
1 0.24639423076923078 0.6658653846153846 0.23557692307692307 0.21875
1 0.8028846153846154 0.6742788461538461 0.23557692307692307 0.21875
1 0.8834134615384616 0.703125 0.19951923076923078 0.19831730769230768
1 0.9086538461538461 0.45552884615384615 0.1778846153846154 0.24278846153846154
1 0.8473557692307693 0.23076923076923078 0.1971153846153846 0.23798076923076922
1 0.6526442307692307 0.22716346153846154 0.22115384615384615 0.23798076923076922
1 0.5348557692307693 0.21033653846153846 0.22115384615384615 0.23798076923076922
1 0.5649038461538461 0.09254807692307693 0.21875 0.1814903846153846
1 0.09134615384615384 0.6742788461538461 0.18269230769230768 0.21394230769230768
1 0.8641826923076923 0.9098557692307693 0.1778846153846154 0.17548076923076922
0 0.6466346153846154 0.9362980769230769 0.07932692307692307 0.08173076923076923
0 0.7512019230769231 0.8629807692307693 0.07932692307692307 0.08173076923076923
0 0.10576923076923077 0.5300480769230769 0.07932692307692307 0.08173076923076923