1 0.39903846153846156 0.23798076923076922 0.22596153846153846 0.16466346153846154
1 0.43509615384615385 0.4963942307692308 0.22115384615384615 0.22716346153846154
1 0.1935096153846154 0.6502403846153846 0.15144230769230768 0.16706730769230768
1 0.2512019230769231 0.36778846153846156 0.15865384615384615 0.2439903846153846
1 0.08653846153846154 0.5612980769230769 0.17307692307692307 0.20432692307692307
1 0.11177884615384616 0.3798076923076923 0.20432692307692307 0.18990384615384615
1 0.5661057692307693 0.4362980769230769 0.20432692307692307 0.18990384615384615
1 0.6911057692307693 0.41947115384615385 0.21875 0.20673076923076922
1 0.4026442307692308 0.06850961538461539 0.21394230769230768 0.13341346153846154
0 0.7800480769230769 0.1310096153846154 0.0625 0.07091346153846154
0 0.6947115384615384 0.04807692307692308 0.0889423076923077 0.07091346153846154
0 0.9182692307692307 0.17067307692307693 0.09375 0.11658653846153846
0 0.8221153846153846 0.06009615384615385 0.09375 0.09615384615384616
0 0.6334134615384616 0.8389423076923077 0.0889423076923077 0.07692307692307693
0 0.09375 0.8125 0.055288461538461536 0.05889423076923077
2 0.15865384615384615 0.15625 0.23317307692307693 0.3088942307692308