2 0.3701923076923077 0.625 0.3293269230769231 0.2956730769230769
1 0.1814903846153846 0.41466346153846156 0.23798076923076922 0.2127403846153846
1 0.4963942307692308 0.3786057692307692 0.19951923076923078 0.25240384615384615
1 0.43028846153846156 0.3641826923076923 0.15384615384615385 0.25
1 0.36177884615384615 0.31490384615384615 0.15384615384615385 0.25
1 0.3076923076923077 0.2776442307692308 0.15384615384615385 0.25
1 0.25961538461538464 0.2692307692307692 0.15384615384615385 0.25
1 0.7512019230769231 0.4375 0.23798076923076922 0.2127403846153846
1 0.6814903846153846 0.46274038461538464 0.23798076923076922 0.2127403846153846
1 0.7199519230769231 0.2620192307692308 0.23798076923076922 0.2127403846153846
1 0.828125 0.20192307692307693 0.13942307692307693 0.21634615384615385
1 0.9747596153846154 0.7151442307692307 0.04567307692307692 0.20432692307692307
1 0.9627403846153846 0.8233173076923077 0.06971153846153846 0.2091346153846154
1 0.7283653846153846 0.7307692307692307 0.25240384615384615 0.23076923076923078
1 0.7163461538461539 0.9038461538461539 0.2548076923076923 0.1875
1 0.4807692307692308 0.11658653846153846 0.2548076923076923 0.22956730769230768
1 0.20192307692307693 0.09615384615384616 0.2403846153846154 0.1875
1 0.3173076923076923 0.8401442307692307 0.2091346153846154 0.22716346153846154
1 0.5456730769230769 0.90625 0.20432692307692307 0.18389423076923078