1 0.0673076923076923 0.6298076923076923 0.1346153846153846 0.22115384615384615
1 0.4567307692307692 0.1310096153846154 0.1971153846153846 0.22956730769230768
1 0.3016826923076923 0.7055288461538461 0.17067307692307693 0.23076923076923078
1 0.14903846153846154 0.9146634615384616 0.1466346153846154 0.16706730769230768
1 0.9314903846153846 0.1346153846153846 0.13221153846153846 0.21634615384615385
1 0.7355769230769231 0.2692307692307692 0.15625 0.18389423076923078
1 0.4675480769230769 0.5733173076923077 0.1971153846153846 0.20793269230769232
1 0.4831730769230769 0.7151442307692307 0.1971153846153846 0.20793269230769232
1 0.21514423076923078 0.49158653846153844 0.1875 0.23798076923076922
1 0.33413461538461536 0.44591346153846156 0.1875 0.23798076923076922
1 0.3605769230769231 0.11658653846153846 0.18509615384615385 0.22956730769230768
1 0.5625 0.8245192307692307 0.17307692307692307 0.14543269230769232
1 0.09014423076923077 0.3245192307692308 0.15384615384615385 0.18389423076923078
2 0.7680288461538461 0.6658653846153846 0.4206730769230769 0.47716346153846156