1 0.12259615384615384 0.5456730769230769 0.15865384615384615 0.20793269230769232
1 0.25600961538461536 0.703125 0.21153846153846154 0.23076923076923078
1 0.109375 0.2620192307692308 0.18509615384615385 0.23557692307692307
1 0.5024038461538461 0.37259615384615385 0.20432692307692307 0.23317307692307693
1 0.8365384615384616 0.6682692307692307 0.18990384615384615 0.23076923076923078
1 0.296875 0.3473557692307692 0.21394230769230768 0.22956730769230768
1 0.5841346153846154 0.6430288461538461 0.15625 0.18990384615384615
1 0.6850961538461539 0.7403846153846154 0.15625 0.18990384615384615
1 0.9411057692307693 0.9134615384615384 0.11298076923076923 0.17307692307692307
1 0.8882211538461539 0.43509615384615385 0.1778846153846154 0.17548076923076922
1 0.890625 0.34375 0.18269230769230768 0.21634615384615385
1 0.3786057692307692 0.5697115384615384 0.18269230769230768 0.3317307692307692
1 0.2536057692307692 0.9182692307692307 0.21153846153846154 0.15865384615384615
1 0.6045673076923077 0.7692307692307693 0.14182692307692307 0.16466346153846154
0 0.28966346153846156 0.13701923076923078 0.07211538461538461 0.07692307692307693
0 0.44711538461538464 0.5228365384615384 0.07211538461538461 0.07932692307692307
0 0.703125 0.5973557692307693 0.055288461538461536 0.09975961538461539
0 0.8822115384615384 0.9314903846153846 0.07451923076923077 0.07451923076923077
2 0.6730769230769231 0.19591346153846154 0.3894230769230769 0.3870192307692308