1 0.7439903846153846 0.4879807692307692 0.24278846153846154 0.20673076923076922
1 0.7211538461538461 0.27524038461538464 0.2091346153846154 0.21634615384615385
1 0.8257211538461539 0.2620192307692308 0.19230769230769232 0.1875
1 0.4879807692307692 0.8870192307692307 0.2403846153846154 0.22235576923076922
1 0.328125 0.1622596153846154 0.21394230769230768 0.21634615384615385
1 0.1971153846153846 0.5240384615384616 0.22355769230769232 0.23076923076923078
1 0.2548076923076923 0.4254807692307692 0.22115384615384615 0.2127403846153846
1 0.46274038461538464 0.6322115384615384 0.2283653846153846 0.19831730769230768
1 0.037259615384615384 0.7259615384615384 0.07451923076923077 0.25
1 0.02283653846153846 0.9278846153846154 0.04567307692307692 0.14423076923076922
1 0.09134615384615384 0.9278846153846154 0.18269230769230768 0.14423076923076922
1 0.27524038461538464 0.9026442307692307 0.2091346153846154 0.18990384615384615
1 0.17548076923076922 0.765625 0.20673076923076922 0.20192307692307693
1 0.5084134615384616 0.671875 0.20673076923076922 0.20192307692307693
1 0.7091346153846154 0.8052884615384616 0.20673076923076922 0.20192307692307693
1 0.9074519230769231 0.3737980769230769 0.18028846153846154 0.23317307692307693
1 0.5420673076923077 0.43990384615384615 0.2091346153846154 0.1502403846153846
1 0.10096153846153846 0.4050480769230769 0.18028846153846154 0.21875
2 0.4723557692307692 0.21875 0.3269230769230769 0.3245192307692308