2 0.5709134615384616 0.16826923076923078 0.30528846153846156 0.3317307692307692
1 0.4266826923076923 0.4675480769230769 0.16105769230769232 0.19831730769230768
1 0.5685096153846154 0.7091346153846154 0.1778846153846154 0.21033653846153846
1 0.3713942307692308 0.7463942307692307 0.1778846153846154 0.21033653846153846
1 0.07692307692307693 0.7139423076923077 0.15384615384615385 0.25961538461538464
1 0.32091346153846156 0.3737980769230769 0.18509615384615385 0.25600961538461536
1 0.07451923076923077 0.328125 0.1201923076923077 0.24759615384615385
1 0.06971153846153846 0.47596153846153844 0.13942307692307693 0.18269230769230768
1 0.1935096153846154 0.5973557692307693 0.14182692307692307 0.1814903846153846
1 0.24519230769230768 0.9254807692307693 0.20432692307692307 0.14543269230769232
1 0.3329326923076923 0.5661057692307693 0.1778846153846154 0.21033653846153846
1 0.3125 0.07211538461538461 0.17548076923076922 0.13942307692307693
1 0.4110576923076923 0.06370192307692307 0.13942307692307693 0.12259615384615384
1 0.6911057692307693 0.45072115384615385 0.18028846153846154 0.20673076923076922
1 0.7415865384615384 0.4807692307692308 0.11057692307692307 0.1502403846153846
1 0.9278846153846154 0.48677884615384615 0.13942307692307693 0.21875
1 0.8918269230769231 0.5829326923076923 0.14903846153846154 0.21634615384615385
1 0.890625 0.8762019230769231 0.15144230769230768 0.2439903846153846
1 0.9483173076923077 0.11177884615384616 0.0985576923076923 0.21875
1 0.8425480769230769 0.25841346153846156 0.2091346153846154 0.27524038461538464
1 0.71875 0.2668269230769231 0.20192307692307693 0.22115384615384615
1 0.47716346153846156 0.8100961538461539 0.21153846153846154 0.2536057692307692