1 0.7235576923076923 0.5072115384615384 0.25 0.18990384615384615
1 0.5853365384615384 0.3449519230769231 0.25 0.18990384615384615
1 0.39302884615384615 0.14302884615384615 0.25 0.18990384615384615
1 0.19591346153846154 0.31971153846153844 0.25 0.18990384615384615
1 0.11177884615384616 0.7067307692307693 0.22355769230769232 0.19230769230769232
1 0.21153846153846154 0.8353365384615384 0.19951923076923078 0.17908653846153846
1 0.625 0.8016826923076923 0.23317307692307693 0.19110576923076922
1 0.5300480769230769 0.23798076923076922 0.23317307692307693 0.2247596153846154
1 0.25240384615384615 0.5168269230769231 0.23317307692307693 0.2247596153846154
1 0.44350961538461536 0.7764423076923077 0.20673076923076922 0.21875
1 0.057692307692307696 0.9146634615384616 0.11538461538461539 0.17067307692307693
1 0.9567307692307693 0.0673076923076923 0.08173076923076923 0.1346153846153846
2 0.4170673076923077 0.5096153846153846 0.24759615384615385 0.2608173076923077