1 0.07451923076923077 0.21634615384615385 0.14903846153846154 0.2692307692307692
1 0.453125 0.12139423076923077 0.23557692307692307 0.23798076923076922
1 0.8329326923076923 0.3713942307692308 0.24519230769230768 0.23918269230769232
1 0.8629807692307693 0.5745192307692307 0.25961538461538464 0.22115384615384615
1 0.9807692307692307 0.8137019230769231 0.03365384615384615 0.2668269230769231
1 0.9038461538461539 0.8100961538461539 0.1875 0.24519230769230768
1 0.7596153846153846 0.8882211538461539 0.25961538461538464 0.21875
1 0.7055288461538461 0.6862980769230769 0.2403846153846154 0.1935096153846154
1 0.5 0.7259615384615384 0.2403846153846154 0.1935096153846154
1 0.65625 0.4699519230769231 0.1971153846153846 0.20673076923076922
1 0.6814903846153846 0.09014423076923077 0.20673076923076922 0.17548076923076922
1 0.2439903846153846 0.07572115384615384 0.2091346153846154 0.14783653846153846
1 0.2403846153846154 0.24158653846153846 0.22596153846153846 0.19591346153846154
1 0.14903846153846154 0.6574519230769231 0.2620192307692308 0.23076923076923078
2 0.46634615384615385 0.42908653846153844 0.4326923076923077 0.47475961538461536