1 0.7451923076923077 0.46153846153846156 0.28125 0.23557692307692307
1 0.6141826923076923 0.6911057692307693 0.24519230769230768 0.2620192307692308
1 0.4543269230769231 0.8894230769230769 0.21153846153846154 0.21634615384615385
1 0.3137019230769231 0.78125 0.1971153846153846 0.24639423076923078
1 0.29086538461538464 0.5997596153846154 0.1971153846153846 0.24639423076923078
1 0.11658653846153846 0.7007211538461539 0.18269230769230768 0.2439903846153846
1 0.28846153846153844 0.3762019230769231 0.25721153846153844 0.19831730769230768
1 0.4495192307692308 0.22115384615384615 0.18028846153846154 0.2127403846153846
1 0.7668269230769231 0.17548076923076922 0.20673076923076922 0.19110576923076922
1 0.7007211538461539 0.9266826923076923 0.20192307692307693 0.14182692307692307
2 0.30288461538461536 0.11899038461538461 0.4495192307692308 0.23317307692307693