1 0.09975961538461539 0.22235576923076922 0.19951923076923078 0.24759615384615385
1 0.5552884615384616 0.7463942307692307 0.16346153846153846 0.21514423076923078
1 0.3894230769230769 0.8641826923076923 0.2091346153846154 0.19591346153846154
1 0.7007211538461539 0.7896634615384616 0.18269230769230768 0.19951923076923078
1 0.6057692307692307 0.10216346153846154 0.18269230769230768 0.19951923076923078
1 0.6850961538461539 0.4543269230769231 0.18269230769230768 0.19951923076923078
1 0.6862980769230769 0.5540865384615384 0.18269230769230768 0.19951923076923078
1 0.8918269230769231 0.7283653846153846 0.18509615384615385 0.2692307692307692
1 0.27163461538461536 0.8317307692307693 0.15865384615384615 0.22115384615384615
1 0.3269230769230769 0.17548076923076922 0.15865384615384615 0.22115384615384615
1 0.7475961538461539 0.24639423076923078 0.1971153846153846 0.21634615384615385
0 0.5528846153846154 0.3161057692307692 0.0625 0.06490384615384616
0 0.47716346153846156 0.1935096153846154 0.0625 0.07932692307692307
0 0.1658653846153846 0.7680288461538461 0.07211538461538461 0.08533653846153846
2 0.2704326923076923 0.49399038461538464 0.3870192307692308 0.4831730769230769