1 0.21754807692307693 0.8004807692307693 0.22355769230769232 0.23317307692307693
1 0.15745192307692307 0.5588942307692307 0.22355769230769232 0.23317307692307693
1 0.28846153846153844 0.3088942307692308 0.27403846153846156 0.2247596153846154
1 0.23798076923076922 0.13822115384615385 0.23317307692307693 0.20673076923076922
1 0.44711538461538464 0.1141826923076923 0.23798076923076922 0.2247596153846154
1 0.037259615384615384 0.6850961538461539 0.07451923076923077 0.22596153846153846
1 0.06490384615384616 0.9050480769230769 0.12980769230769232 0.18509615384615385
1 0.6478365384615384 0.17067307692307693 0.16826923076923078 0.22956730769230768
1 0.71875 0.171875 0.2668269230769231 0.18990384615384615
1 0.8942307692307693 0.16706730769230768 0.20673076923076922 0.23317307692307693
1 0.296875 0.6165865384615384 0.20192307692307693 0.17067307692307693
1 0.4891826923076923 0.8473557692307693 0.22115384615384615 0.1935096153846154
1 0.8653846153846154 0.484375 0.22115384615384615 0.1935096153846154
1 0.6045673076923077 0.8653846153846154 0.21634615384615385 0.22716346153846154
1 0.7944711538461539 0.6838942307692307 0.25240384615384615 0.23918269230769232
2 0.640625 0.4639423076923077 0.5408653846153846 0.49759615384615385