1 0.7103365384615384 0.5673076923076923 0.2548076923076923 0.24759615384615385
1 0.5204326923076923 0.5853365384615384 0.2403846153846154 0.2247596153846154
1 0.7752403846153846 0.10576923076923077 0.20432692307692307 0.20793269230769232
1 0.8725961538461539 0.31971153846153844 0.25 0.24519230769230768
1 0.8942307692307693 0.4230769230769231 0.20432692307692307 0.22115384615384615
1 0.7752403846153846 0.8209134615384616 0.21875 0.25
1 0.3425480769230769 0.5745192307692307 0.21875 0.19951923076923078
1 0.19230769230769232 0.5072115384615384 0.24759615384615385 0.23557692307692307
1 0.23677884615384615 0.8052884615384616 0.24759615384615385 0.23557692307692307
1 0.5817307692307693 0.8569711538461539 0.24759615384615385 0.23557692307692307
1 0.03485576923076923 0.6887019230769231 0.06971153846153846 0.23798076923076922
1 0.1658653846153846 0.6298076923076923 0.2548076923076923 0.20673076923076922
1 0.32572115384615385 0.7752403846153846 0.25240384615384615 0.1875
1 0.4026442307692308 0.09495192307692307 0.25240384615384615 0.18509615384615385
2 0.5084134615384616 0.29086538461538464 0.4423076923076923 0.43990384615384615