1 0.5432692307692307 0.6850961538461539 0.24759615384615385 0.2620192307692308
1 0.16466346153846154 0.6165865384615384 0.15625 0.17908653846153846
1 0.29086538461538464 0.6983173076923077 0.19951923076923078 0.1875
1 0.3317307692307692 0.40024038461538464 0.18028846153846154 0.16706730769230768
1 0.4879807692307692 0.46274038461538464 0.20673076923076922 0.18389423076923078
1 0.6899038461538461 0.2548076923076923 0.17307692307692307 0.1935096153846154
1 0.8737980769230769 0.21514423076923078 0.20192307692307693 0.23076923076923078
1 0.53125 0.14543269230769232 0.22115384615384615 0.2127403846153846
1 0.2608173076923077 0.21875 0.21153846153846154 0.2247596153846154
1 0.7644230769230769 0.6766826923076923 0.1875 0.19110576923076922
1 0.8605769230769231 0.4651442307692308 0.20192307692307693 0.23918269230769232
1 0.3641826923076923 0.8762019230769231 0.20432692307692307 0.22235576923076922
2 0.171875 0.8341346153846154 0.34375 0.3317307692307692