1 0.8497596153846154 0.4807692307692308 0.2860576923076923 0.2247596153846154
1 0.8137019230769231 0.2764423076923077 0.25 0.20192307692307693
1 0.2860576923076923 0.5817307692307693 0.29086538461538464 0.1814903846153846
1 0.203125 0.31490384615384615 0 0
1 0.48197115384615385 0.4723557692307692 0.2668269230769231 0.22235576923076922
1 0.9675480769230769 0.875 0.06009615384615385 0.25
1 0.29447115384615385 0.8930288461538461 0.22355769230769232 0.1935096153846154
1 0.39663461538461536 0.8257211538461539 0.15384615384615385 0.25600961538461536
1 0.4723557692307692 0.19951923076923078 0.20192307692307693 0.24759615384615385
0 0.15384615384615385 0.5192307692307693 0.10576923076923077 0.10216346153846154
2 0.6189903846153846 0.8401442307692307 0.5384615384615384 0.3161057692307692