1 0.25 0.5408653846153846 0.2283653846153846 0.23918269230769232
1 0.49399038461538464 0.8629807692307693 0.20432692307692307 0.17668269230769232
1 0.9122596153846154 0.10576923076923077 0.17067307692307693 0.20673076923076922
1 0.7055288461538461 0.59375 0.20432692307692307 0.20432692307692307
1 0.3641826923076923 0.3581730769230769 0.20432692307692307 0.20432692307692307
1 0.9146634615384616 0.40384615384615385 0.1658653846153846 0.23076923076923078
1 0.5540865384615384 0.3581730769230769 0.20432692307692307 0.20432692307692307
1 0.14182692307692307 0.21875 0.20432692307692307 0.20432692307692307
1 0.34615384615384615 0.08173076923076923 0.17548076923076922 0.15985576923076922
1 0.8894230769230769 0.7223557692307693 0.1658653846153846 0.1935096153846154
2 0.48197115384615385 0.6201923076923077 0.23317307692307693 0.3016826923076923
0 0.8233173076923077 0.8353365384615384 0.05048076923076923 0.05889423076923077
0 0.7800480769230769 0.9411057692307693 0.04807692307692308 0.0829326923076923