1 0.12740384615384615 0.5793269230769231 0.19951923076923078 0.20793269230769232
1 0.07932692307692307 0.34975961538461536 0.15865384615384615 0.21394230769230768
1 0.04567307692307692 0.11658653846153846 0.09134615384615384 0.23317307692307693
1 0.5108173076923077 0.7487980769230769 0.2644230769230769 0.21033653846153846
1 0.2956730769230769 0.6598557692307693 0.2644230769230769 0.21033653846153846
1 0.42788461538461536 0.8942307692307693 0.2644230769230769 0.20793269230769232
1 0.7415865384615384 0.7908653846153846 0.2644230769230769 0.21033653846153846
1 0.7403846153846154 0.4483173076923077 0.2644230769230769 0.2127403846153846
1 0.6538461538461539 0.23918269230769232 0.2644230769230769 0.2127403846153846
1 0.7548076923076923 0.1045673076923077 0.23798076923076922 0.20432692307692307
1 0.8665865384615384 0.6598557692307693 0.2620192307692308 0.2620192307692308
0 0.19110576923076922 0.4543269230769231 0.08653846153846154 0.07091346153846154
2 0.35336538461538464 0.24759615384615385 0.4807692307692308 0.44591346153846156