1 0.6826923076923077 0.5961538461538461 0.25 0.20793269230769232
1 0.8653846153846154 0.5276442307692307 0.2548076923076923 0.24759615384615385
1 0.8233173076923077 0.8149038461538461 0.21394230769230768 0.2127403846153846
1 0.9074519230769231 0.7391826923076923 0.18028846153846154 0.21394230769230768
1 0.06370192307692307 0.43028846153846156 0.12740384615384615 0.20673076923076922
1 0.16105769230769232 0.31009615384615385 0.20192307692307693 0.19591346153846154
1 0.375 0.11538461538461539 0.24519230769230768 0.22716346153846154
1 0.6875 0.21153846153846154 0.25961538461538464 0.2439903846153846
1 0.6658653846153846 0.3954326923076923 0.17067307692307693 0.16706730769230768
1 0.20432692307692307 0.8978365384615384 0.16346153846153846 0.19951923076923078
2 0.2548076923076923 0.6502403846153846 0.40384615384615385 0.36658653846153844