1 0.15144230769230768 0.3557692307692308 0.2091346153846154 0.25240384615384615
1 0.25961538461538464 0.6682692307692307 0.18269230769230768 0.25600961538461536
1 0.7283653846153846 0.4026442307692308 0.15865384615384615 0.21634615384615385
1 0.43509615384615385 0.15985576923076922 0.15865384615384615 0.21634615384615385
1 0.14903846153846154 0.10697115384615384 0.17067307692307693 0.21033653846153846
1 0.9242788461538461 0.6995192307692307 0.1466346153846154 0.21634615384615385
1 0.6754807692307693 0.5973557692307693 0.17067307692307693 0.2127403846153846
1 0.7752403846153846 0.7536057692307693 0.19230769230769232 0.20432692307692307
1 0.6033653846153846 0.7704326923076923 0.19230769230769232 0.20432692307692307
1 0.09375 0.7007211538461539 0.16346153846153846 0.21033653846153846
1 0.27884615384615385 0.22716346153846154 0.1658653846153846 0.20793269230769232
1 0.7956730769230769 0.8834134615384616 0.15625 0.15384615384615385
1 0.8665865384615384 0.14543269230769232 0.21634615384615385 0.20793269230769232
1 0.5985576923076923 0.3425480769230769 0.1201923076923077 0.2776442307692308
1 0.4098557692307692 0.8509615384615384 0.17307692307692307 0.21514423076923078
1 0.8930288461538461 0.4699519230769231 0.17307692307692307 0.21514423076923078
1 0.11538461538461539 0.9182692307692307 0.17067307692307693 0.15985576923076922
0 0.3125 0.9423076923076923 0.09375 0.11057692307692307
0 0.5324519230769231 0.8569711538461539 0.06009615384615385 0.04807692307692308
2 0.44350961538461536 0.5132211538461539 0.4110576923076923 0.4519230769230769