2 0.6574519230769231 0.6370192307692307 0.22115384615384615 0.23918269230769232
0 0.7391826923076923 0.47115384615384615 0.08173076923076923 0.09975961538461539
1 0.14302884615384615 0.28846153846153844 0.18509615384615385 0.23918269230769232
1 0.28125 0.6466346153846154 0.13701923076923078 0.18990384615384615
1 0.08052884615384616 0.8173076923076923 0.1346153846153846 0.18990384615384615
1 0.33774038461538464 0.7764423076923077 0.20673076923076922 0.23918269230769232
1 0.5072115384615384 0.8112980769230769 0.20673076923076922 0.23918269230769232
1 0.33413461538461536 0.4519230769230769 0.18028846153846154 0.19110576923076922
1 0.3137019230769231 0.21634615384615385 0.17548076923076922 0.25
1 0.6346153846153846 0.328125 0.15865384615384615 0.22235576923076922
1 0.828125 0.4074519230769231 0.15865384615384615 0.22235576923076922
1 0.9266826923076923 0.4074519230769231 0.13942307692307693 0.2980769230769231
1 0.49278846153846156 0.6033653846153846 0.15865384615384615 0.22235576923076922
1 0.47836538461538464 0.3762019230769231 0.15865384615384615 0.22235576923076922
1 0.4963942307692308 0.12139423076923077 0.21394230769230768 0.23798076923076922
1 0.6622596153846154 0.08173076923076923 0.16346153846153846 0.15985576923076922
1 0.16466346153846154 0.11298076923076923 0.23076923076923078 0.22235576923076922
1 0.9471153846153846 0.6165865384615384 0.10096153846153846 0.23317307692307693
1 0.8425480769230769 0.11298076923076923 0.15865384615384615 0.22235576923076922