1 0.4723557692307692 0.28365384615384615 0.17067307692307693 0.2127403846153846
1 0.6021634615384616 0.3269230769230769 0.13942307692307693 0.17548076923076922
1 0.8581730769230769 0.7692307692307693 0.13942307692307693 0.25841346153846156
1 0.0985576923076923 0.6394230769230769 0.17067307692307693 0.2127403846153846
1 0.6634615384615384 0.5516826923076923 0.17548076923076922 0.21634615384615385
1 0.5396634615384616 0.5432692307692307 0.15384615384615385 0.20192307692307693
1 0.44591346153846156 0.5336538461538461 0.15865384615384615 0.19110576923076922
1 0.6826923076923077 0.13341346153846154 0.15865384615384615 0.19110576923076922
1 0.9435096153846154 0.4879807692307692 0.10817307692307693 0.21153846153846154
1 0.7175480769230769 0.3233173076923077 0.15865384615384615 0.19110576923076922
1 0.24158653846153846 0.6442307692307693 0.14903846153846154 0.21634615384615385
1 0.19471153846153846 0.39302884615384615 0.1875 0.22716346153846154
1 0.2608173076923077 0.1971153846153846 0.1875 0.22716346153846154
2 0.42427884615384615 0.8137019230769231 0.38221153846153844 0.36899038461538464