1 0.6322115384615384 0.6237980769230769 0.28125 0.23076923076923078
1 0.7776442307692307 0.4795673076923077 0.22115384615384615 0.20432692307692307
1 0.8978365384615384 0.6959134615384616 0.19951923076923078 0.20432692307692307
1 0.42788461538461536 0.37259615384615385 0.21394230769230768 0.17908653846153846
1 0.4170673076923077 0.24639423076923078 0.23076923076923078 0.23317307692307693
1 0.3918269230769231 0.1310096153846154 0.23076923076923078 0.23317307692307693
1 0.27403846153846156 0.4411057692307692 0.2620192307692308 0.17668269230769232
1 0.04927884615384615 0.07572115384615384 0.0985576923076923 0.15144230769230768
1 0.13581730769230768 0.25 0.27163461538461536 0.25
1 0.22235576923076922 0.11298076923076923 0.23557692307692307 0.22235576923076922
1 0.27283653846153844 0.8966346153846154 0.2668269230769231 0.20192307692307693
1 0.5564903846153846 0.18028846153846154 0.2283653846153846 0.21875
1 0.5961538461538461 0.8677884615384616 0.2283653846153846 0.21875
1 0.7944711538461539 0.3245192307692308 0.2283653846153846 0.21875
0 0.7211538461538461 0.8533653846153846 0.09134615384615384 0.09735576923076923
2 0.3557692307692308 0.6911057692307693 0.4423076923076923 0.34975961538461536