1 0.15985576923076922 0.2848557692307692 0.19230769230769232 0.20673076923076922
1 0.3798076923076923 0.6634615384615384 0.15625 0.17668269230769232
1 0.8389423076923077 0.6069711538461539 0.19230769230769232 0.19831730769230768
1 0.20552884615384615 0.7932692307692307 0.19230769230769232 0.19831730769230768
1 0.84375 0.3786057692307692 0.1971153846153846 0.23076923076923078
1 0.9591346153846154 0.17307692307692307 0.07692307692307693 0.18269230769230768
1 0.8894230769230769 0.07932692307692307 0.18509615384615385 0.15384615384615385
1 0.6418269230769231 0.04927884615384615 0.19471153846153846 0.09375
1 0.42788461538461536 0.042067307692307696 0.18990384615384615 0.07932692307692307
1 0.046875 0.7860576923076923 0.09375 0.17307692307692307
2 0.4675480769230769 0.33052884615384615 0.2932692307692308 0.31009615384615385
1 0.29927884615384615 0.28125 0.15625 0.2127403846153846
1 0.24759615384615385 0.4483173076923077 0.15625 0.2127403846153846
1 0.6129807692307693 0.5661057692307693 0.16826923076923078 0.23076923076923078
1 0.4831730769230769 0.6862980769230769 0.17067307692307693 0.19831730769230768