2 0.31971153846153844 0.4338942307692308 0.25240384615384615 0.2704326923076923
2 0.515625 0.8786057692307693 0.2668269230769231 0.23918269230769232
1 0.26802884615384615 0.8978365384615384 0.18509615384615385 0.19951923076923078
1 0.109375 0.8473557692307693 0.18269230769230768 0.20192307692307693
1 0.17548076923076922 0.7692307692307693 0.18269230769230768 0.20192307692307693
1 0.609375 0.41947115384615385 0.18269230769230768 0.20192307692307693
1 0.7007211538461539 0.5805288461538461 0.21153846153846154 0.21033653846153846
1 0.8449519230769231 0.9110576923076923 0.19951923076923078 0.17307692307692307
1 0.9002403846153846 0.7536057692307693 0.1466346153846154 0.17908653846153846
1 0.8834134615384616 0.6213942307692307 0.18990384615384615 0.18389423076923078
1 0.8870192307692307 0.4879807692307692 0.18990384615384615 0.18389423076923078
1 0.9266826923076923 0.25 0.14182692307692307 0.25961538461538464
1 0.875 0.07451923076923077 0.24759615384615385 0.14543269230769232
0 0.375 0.8401442307692307 0.10096153846153846 0.09375
0 0.19471153846153846 0.5588942307692307 0.0673076923076923 0.08774038461538461
0 0.5973557692307693 0.2692307692307692 0.0673076923076923 0.08774038461538461
0 0.7043269230769231 0.22716346153846154 0.0673076923076923 0.08774038461538461
1 0.546875 0.5408653846153846 0.18269230769230768 0.20192307692307693
1 0.4543269230769231 0.6514423076923077 0.18269230769230768 0.20192307692307693
1 0.18389423076923078 0.10336538461538461 0.20192307692307693 0.20192307692307693
1 0.10817307692307693 0.234375 0.15865384615384615 0.19831730769230768
1 0.19591346153846154 0.2283653846153846 0.16105769230769232 0.19831730769230768
1 0.06971153846153846 0.6418269230769231 0.13942307692307693 0.25961538461538464
1 0.7055288461538461 0.4807692307692308 0.15144230769230768 0.15865384615384615