2 0.34134615384615385 0.41346153846153844 0.38221153846153844 0.33533653846153844
1 0.3942307692307692 0.7944711538461539 0.25961538461538464 0.2439903846153846
1 0.5288461538461539 0.36538461538461536 0.20192307692307693 0.25240384615384615
1 0.890625 0.8028846153846154 0.19951923076923078 0.23557692307692307
1 0.8810096153846154 0.8762019230769231 0.19951923076923078 0.23557692307692307
1 0.5673076923076923 0.8149038461538461 0.25 0.24158653846153846
1 0.6923076923076923 0.2692307692307692 0.21634615384615385 0.15985576923076922
1 0.9759615384615384 0.7235576923076923 0.04326923076923077 0.2403846153846154
1 0.8125 0.2536057692307692 0.24519230769230768 0.21875
1 0.6418269230769231 0.5793269230769231 0.25240384615384615 0.24639423076923078
1 0.8293269230769231 0.5961538461538461 0.25240384615384615 0.24639423076923078
1 0.15745192307692307 0.4495192307692308 0.20192307692307693 0.25240384615384615
0 0.2608173076923077 0.7211538461538461 0.06971153846153846 0.07932692307692307