1 0.2932692307692308 0.6574519230769231 0.20673076923076922 0.23557692307692307
1 0.20192307692307693 0.8317307692307693 0.18028846153846154 0.23317307692307693
1 0.44591346153846156 0.7451923076923077 0.125 0.21033653846153846
1 0.40865384615384615 0.5168269230769231 0.20192307692307693 0.22956730769230768
1 0.3473557692307692 0.3088942307692308 0.17548076923076922 0.20673076923076922
1 0.5360576923076923 0.3762019230769231 0.19951923076923078 0.21875
1 0.8329326923076923 0.14302884615384615 0.23317307692307693 0.2439903846153846
1 0.10096153846153846 0.41225961538461536 0.18269230769230768 0.21634615384615385
1 0.12740384615384615 0.2620192307692308 0.22115384615384615 0.2608173076923077
1 0.5901442307692307 0.6057692307692307 0.19230769230769232 0.21033653846153846
1 0.8653846153846154 0.8173076923076923 0.2403846153846154 0.17668269230769232
1 0.6370192307692307 0.9098557692307693 0.20673076923076922 0.17668269230769232
1 0.48677884615384615 0.9146634615384616 0.16826923076923078 0.16706730769230768
1 0.6153846153846154 0.12620192307692307 0.21634615384615385 0.24759615384615385
0 0.22115384615384615 0.29086538461538464 0.057692307692307696 0.06009615384615385
0 0.28846153846153844 0.12980769230769232 0.07692307692307693 0.08533653846153846
2 0.7800480769230769 0.4987980769230769 0.4326923076923077 0.5396634615384616