1 0.8942307692307693 0.5456730769230769 0.18509615384615385 0.20793269230769232
1 0.8185096153846154 0.703125 0.24759615384615385 0.23076923076923078
1 0.8064903846153846 0.2620192307692308 0.21634615384615385 0.23557692307692307
1 0.4519230769230769 0.37259615384615385 0.23798076923076922 0.23317307692307693
1 0.22355769230769232 0.6682692307692307 0.22115384615384615 0.23076923076923078
1 0.6478365384615384 0.3473557692307692 0.25 0.22956730769230768
1 0.46634615384615385 0.6430288461538461 0.18269230769230768 0.18990384615384615
1 0.4014423076923077 0.7403846153846154 0.18269230769230768 0.18990384615384615
1 0.18509615384615385 0.9122596153846154 0.18028846153846154 0.17067307692307693
1 0.09735576923076923 0.43509615384615385 0.19471153846153846 0.1778846153846154
1 0.08173076923076923 0.3449519230769231 0.16346153846153846 0.21875
1 0.6478365384615384 0.5697115384615384 0.21153846153846154 0.3317307692307692
1 0.8834134615384616 0.9194711538461539 0.2283653846153846 0.16105769230769232
1 0.49158653846153844 0.7692307692307693 0.16346153846153846 0.16466346153846154
0 0.5829326923076923 0.13701923076923078 0.08413461538461539 0.07692307692307693
0 0.5625 0.5228365384615384 0.08413461538461539 0.07932692307692307
0 0.3329326923076923 0.5973557692307693 0.06490384615384616 0.09975961538461539
0 0.27163461538461536 0.9314903846153846 0.08653846153846154 0.07451923076923077
2 0.22355769230769232 0.1971153846153846 0.44711538461538464 0.3894230769230769