1 0.18509615384615385 0.7692307692307693 0.22355769230769232 0.1935096153846154
1 0.04567307692307692 0.8509615384615384 0.09134615384615384 0.2932692307692308
1 0.17427884615384615 0.1141826923076923 0.1778846153846154 0.20793269230769232
1 0.5336538461538461 0.4206730769230769 0.25 0.22956730769230768
1 0.11899038461538461 0.46033653846153844 0.23798076923076922 0.23317307692307693
1 0.8822115384615384 0.2776442307692308 0.23076923076923078 0.23317307692307693
1 0.7451923076923077 0.46033653846153844 0.1875 0.21634615384615385
1 0.8521634615384616 0.109375 0.18990384615384615 0.21514423076923078
1 0.3894230769230769 0.6875 0.21875 0.2127403846153846
1 0.30528846153846156 0.28365384615384615 0.21875 0.2127403846153846
2 0.5625 0.17548076923076922 0.23076923076923078 0.25240384615384615