1 0.3581730769230769 0.15625 0.2283653846153846 0.21634615384615385
1 0.6574519230769231 0.40625 0.20192307692307693 0.19951923076923078
1 0.8677884615384616 0.5793269230769231 0.23317307692307693 0.25
1 0.6995192307692307 0.6646634615384616 0.23317307692307693 0.25
1 0.12259615384615384 0.4326923076923077 0.2283653846153846 0.14783653846153846
1 0.6141826923076923 0.8485576923076923 0.18269230769230768 0.17668269230769232
1 0.5853365384615384 0.7115384615384616 0.18269230769230768 0.17668269230769232
1 0.234375 0.9098557692307693 0.18269230769230768 0.17668269230769232
1 0.9447115384615384 0.7944711538461539 0.10576923076923077 0.18028846153846154
2 0.10336538461538461 0.5985576923076923 0.1875 0.2644230769230769
0 0.014423076923076924 0.2620192307692308 0.028846153846153848 0.08173076923076923
0 0.5276442307692307 0.28846153846153844 0.0673076923076923 0.07692307692307693
0 0.46274038461538464 0.26802884615384615 0.0673076923076923 0.07692307692307693
0 0.5492788461538461 0.22596153846153846 0.08173076923076923 0.08173076923076923