1 0.9170673076923077 0.7067307692307693 0.16105769230769232 0.1971153846153846
1 0.5252403846153846 0.8269230769230769 0.2403846153846154 0.21634615384615385
1 0.11057692307692307 0.5276442307692307 0.22115384615384615 0.2668269230769231
1 0.0985576923076923 0.1875 0.1971153846153846 0.2644230769230769
1 0.18389423076923078 0.08173076923076923 0.2091346153846154 0.15985576923076922
1 0.4387019230769231 0.6177884615384616 0.19951923076923078 0.1935096153846154
1 0.29086538461538464 0.6790865384615384 0.2644230769230769 0.2127403846153846
1 0.14543269230769232 0.8185096153846154 0.16346153846153846 0.2127403846153846
1 0.9603365384615384 0.9050480769230769 0.07451923076923077 0.18509615384615385
1 0.7235576923076923 0.15504807692307693 0.19951923076923078 0.23076923076923078
1 0.6766826923076923 0.5144230769230769 0.25240384615384615 0.24158653846153846
1 0.7848557692307693 0.7620192307692307 0.22355769230769232 0.19591346153846154