1 0.4375 0.27524038461538464 0.19471153846153846 0.2127403846153846
1 0.6021634615384616 0.21514423076923078 0.14903846153846154 0.19831730769230768
1 0.6141826923076923 0.4254807692307692 0.14903846153846154 0.19831730769230768
1 0.7151442307692307 0.6009615384615384 0.14903846153846154 0.19831730769230768
1 0.34375 0.33533653846153844 0.12980769230769232 0.16706730769230768
1 0.7584134615384616 0.9074519230769231 0.16346153846153846 0.1814903846153846
1 0.47596153846153844 0.9026442307692307 0.18990384615384615 0.18990384615384615
1 0.09014423076923077 0.9038461538461539 0.18028846153846154 0.19230769230769232
1 0.8737980769230769 0.2091346153846154 0.1875 0.20673076923076922
1 0.7091346153846154 0.08413461538461539 0.21634615384615385 0.16466346153846154
1 0.9134615384615384 0.8161057692307693 0.1466346153846154 0.21514423076923078
1 0.9423076923076923 0.5576923076923077 0.11057692307692307 0.2776442307692308
1 0.15985576923076922 0.30288461538461536 0.18509615384615385 0.25600961538461536
1 0.1141826923076923 0.7067307692307693 0.18509615384615385 0.25600961538461536
2 0.27163461538461536 0.6225961538461539 0.2091346153846154 0.27884615384615385
0 0.4963942307692308 0.44591346153846156 0.07211538461538461 0.0829326923076923
0 0.40865384615384615 0.5793269230769231 0.07211538461538461 0.0829326923076923
1 0.8004807692307693 0.5805288461538461 0.10576923076923077 0.17668269230769232