1 0.671875 0.4266826923076923 0.16105769230769232 0.20432692307692307
1 0.765625 0.4266826923076923 0.16105769230769232 0.20432692307692307
1 0.7632211538461539 0.8305288461538461 0.18269230769230768 0.20192307692307693
1 0.4963942307692308 0.8978365384615384 0.18269230769230768 0.19951923076923078
1 0.5504807692307693 0.5853365384615384 0.15625 0.23798076923076922
1 0.15504807692307693 0.6706730769230769 0.18509615384615385 0.23317307692307693
1 0.03365384615384615 0.29447115384615385 0.0673076923076923 0.23317307692307693
2 0.3485576923076923 0.5901442307692307 0.41586538461538464 0.40024038461538464
1 0.6538461538461539 0.24278846153846154 0.1971153846153846 0.19831730769230768
1 0.4879807692307692 0.21153846153846154 0.1971153846153846 0.19831730769230768
1 0.3737980769230769 0.14543269230769232 0.21394230769230768 0.19951923076923078