1 0.3858173076923077 0.32211538461538464 0.1658653846153846 0.18509615384615385
1 0.6189903846153846 0.7824519230769231 0.19951923076923078 0.23918269230769232
1 0.6538461538461539 0.2403846153846154 0.21875 0.25600961538461536
1 0.7271634615384616 0.10697115384615384 0.13942307692307693 0.14783653846153846
1 0.43990384615384615 0.14182692307692307 0.18269230769230768 0.2247596153846154
1 0.2091346153846154 0.296875 0.15865384615384615 0.1935096153846154
1 0.1201923076923077 0.7548076923076923 0.18990384615384615 0.22235576923076922
1 0.07091346153846154 0.5456730769230769 0.14182692307692307 0.20793269230769232
1 0.21394230769230768 0.5745192307692307 0.1658653846153846 0.19831730769230768
1 0.0733173076923077 0.32211538461538464 0.1466346153846154 0.20192307692307693
1 0.25240384615384615 0.9387019230769231 0.1778846153846154 0.11899038461538461
1 0.2608173076923077 0.7620192307692307 0.18028846153846154 0.20432692307692307
1 0.9122596153846154 0.4495192307692308 0.17067307692307693 0.2403846153846154
1 0.4579326923076923 0.42908653846153844 0.18028846153846154 0.21634615384615385
2 0.8052884615384616 0.6057692307692307 0.38461538461538464 0.44711538461538464
0 0.5564903846153846 0.29086538461538464 0.07211538461538461 0.07692307692307693