1 0.8125 0.13341346153846154 0.2283653846153846 0.19951923076923078
1 0.9278846153846154 0.1466346153846154 0.13942307692307693 0.20192307692307693
1 0.71875 0.40024038461538464 0.2283653846153846 0.19951923076923078
1 0.30288461538461536 0.8028846153846154 0.24759615384615385 0.21875
1 0.2692307692307692 0.5997596153846154 0.25961538461538464 0.2536057692307692
1 0.39903846153846156 0.2247596153846154 0.2091346153846154 0.20793269230769232
1 0.6442307692307693 0.8377403846153846 0.25961538461538464 0.2536057692307692
1 0.5132211538461539 0.9290865384615384 0.22355769230769232 0.13701923076923078
1 0.8701923076923077 0.5420673076923077 0.2548076923076923 0.17067307692307693
1 0.23677884615384615 0.18870192307692307 0.2548076923076923 0.2644230769230769
1 0.5925480769230769 0.08653846153846154 0.1971153846153846 0.16826923076923078
1 0.21754807692307693 0.765625 0.25721153846153844 0.18990384615384615
1 0.49399038461538464 0.7860576923076923 0.23557692307692307 0.23557692307692307
2 0.4879807692307692 0.3954326923076923 0.44711538461538464 0.4375