1 0.6670673076923077 0.8677884615384616 0.2283653846153846 0.18509615384615385
1 0.6670673076923077 0.6574519230769231 0.22115384615384615 0.1935096153846154
1 0.8894230769230769 0.06850961538461539 0.21634615384615385 0.13701923076923078
1 0.5997596153846154 0.20192307692307693 0.21634615384615385 0.25
1 0.4987980769230769 0.6141826923076923 0.23076923076923078 0.19591346153846154
1 0.9098557692307693 0.4483173076923077 0.17548076923076922 0.25240384615384615
1 0.8810096153846154 0.3389423076923077 0.23317307692307693 0.20673076923076922
1 0.2668269230769231 0.5300480769230769 0.17548076923076922 0.16466346153846154
1 0.11057692307692307 0.46153846153846156 0.22115384615384615 0.17307692307692307
1 0.2668269230769231 0.17427884615384615 0.24759615384615385 0.23557692307692307
2 0.22956730769230768 0.7632211538461539 0.24278846153846154 0.21875
1 0.8858173076923077 0.6454326923076923 0.17067307692307693 0.1875
1 0.6574519230769231 0.07572115384615384 0.19951923076923078 0.14783653846153846
1 0.4543269230769231 0.19110576923076922 0.1875 0.18990384615384615