2 0.7007211538461539 0.4266826923076923 0.34375 0.3545673076923077
0 0.8064903846153846 0.578125 0.08413461538461539 0.07692307692307693
0 0.8557692307692307 0.5384615384615384 0.08413461538461539 0.07692307692307693
0 0.3245192307692308 0.9675480769230769 0.07692307692307693 0.06009615384615385
1 0.8737980769230769 0.1502403846153846 0.24278846153846154 0.2127403846153846
1 0.07692307692307693 0.8810096153846154 0.15384615384615385 0.23798076923076922
1 0.4387019230769231 0.17668269230769232 0.24278846153846154 0.28365384615384615
1 0.27283653846153844 0.25841346153846156 0.23076923076923078 0.15384615384615385
1 0.4074519230769231 0.6899038461538461 0.22115384615384615 0.1875
1 0.5180288461538461 0.7475961538461539 0.22115384615384615 0.1875
1 0.6754807692307693 0.17668269230769232 0.22115384615384615 0.1875
1 0.5745192307692307 0.2692307692307692 0.23317307692307693 0.21875
1 0.1778846153846154 0.11658653846153846 0.18269230769230768 0.23317307692307693
1 0.16105769230769232 0.4266826923076923 0.2668269230769231 0.21634615384615385
1 0.109375 0.5769230769230769 0.21875 0.18269230769230768
1 0.2980769230769231 0.6069711538461539 0.23076923076923078 0.1935096153846154
1 0.6911057692307693 0.6490384615384616 0.25240384615384615 0.19831730769230768
1 0.8016826923076923 0.7776442307692307 0.25240384615384615 0.19831730769230768