1 0.3425480769230769 0.09975961538461539 0.30528846153846156 0.19591346153846154
1 0.7932692307692307 0.6502403846153846 0.25961538461538464 0.19591346153846154
1 0.9278846153846154 0.5552884615384616 0.13942307692307693 0.20192307692307693
1 0.5348557692307693 0.5060096153846154 0.20192307692307693 0.19951923076923078
1 0.171875 0.0985576923076923 0.19230769230769232 0.1935096153846154
1 0.33774038461538464 0.3112980769230769 0.18269230769230768 0.17668269230769232
1 0.2920673076923077 0.9038461538461539 0.25961538461538464 0.1875
1 0.21394230769230768 0.4170673076923077 0.2091346153846154 0.17908653846153846
1 0.8725961538461539 0.36538461538461536 0.20432692307692307 0.1814903846153846
1 0.8088942307692307 0.1778846153846154 0.16826923076923078 0.1814903846153846
1 0.6346153846153846 0.5036057692307693 0.17307692307692307 0.15625
2 0.546875 0.7644230769230769 0.3125 0.2668269230769231
0 0.46033653846153844 0.5661057692307693 0.06490384615384616 0.06009615384615385
0 0.8293269230769231 0.5120192307692307 0.06490384615384616 0.06009615384615385