2 0.3293269230769231 0.5300480769230769 0.3798076923076923 0.44350961538461536
1 0.6382211538461539 0.5 0.17307692307692307 0.1622596153846154
1 0.7367788461538461 0.5709134615384616 0.17307692307692307 0.1622596153846154
1 0.8329326923076923 0.6875 0.17307692307692307 0.1622596153846154
1 0.8149038461538461 0.6021634615384616 0.17307692307692307 0.20432692307692307
1 0.8641826923076923 0.5805288461538461 0.13701923076923078 0.15985576923076922
1 0.8052884615384616 0.4098557692307692 0.20673076923076922 0.20192307692307693
1 0.0733173076923077 0.265625 0.1466346153846154 0.23798076923076922
1 0.5072115384615384 0.875 0.18028846153846154 0.21634615384615385
1 0.6790865384615384 0.7920673076923077 0.18028846153846154 0.21634615384615385
1 0.6442307692307693 0.7355769230769231 0.2283653846153846 0.22115384615384615
1 0.5336538461538461 0.7391826923076923 0.18269230769230768 0.19110576923076922
1 0.6514423076923077 0.2860576923076923 0.18269230769230768 0.21514423076923078
1 0.31009615384615385 0.19110576923076922 0.18269230769230768 0.21514423076923078
1 0.13701923076923078 0.11538461538461539 0.24519230769230768 0.21875
1 0.33774038461538464 0.8774038461538461 0.2091346153846154 0.24158653846153846
0 0.19591346153846154 0.6370192307692307 0.07211538461538461 0.09014423076923077
1 0.3762019230769231 0.06490384615384616 0.18028846153846154 0.125
1 0.13221153846153846 0.7319711538461539 0.18028846153846154 0.21514423076923078