1 0.359375 0.3401442307692308 0.2644230769230769 0.17908653846153846
1 0.36899038461538464 0.6550480769230769 0.1658653846153846 0.17668269230769232
1 0.6081730769230769 0.6983173076923077 0.17548076923076922 0.17908653846153846
1 0.515625 0.5901442307692307 0.17548076923076922 0.17908653846153846
1 0.2608173076923077 0.703125 0.17067307692307693 0.23076923076923078
1 0.7007211538461539 0.4987980769230769 0.17067307692307693 0.21033653846153846
1 0.4891826923076923 0.17908653846153846 0.17548076923076922 0.17908653846153846
1 0.38822115384615385 0.13341346153846154 0.17548076923076922 0.17908653846153846
1 0.2439903846153846 0.21875 0.1778846153846154 0.22956730769230768
1 0.9194711538461539 0.5024038461538461 0.15625 0.1875
1 0.9663461538461539 0.109375 0.0625 0.21394230769230768
1 0.8569711538461539 0.8834134615384616 0.18028846153846154 0.15865384615384615
1 0.07451923076923077 0.4362980769230769 0.14423076923076922 0.17668269230769232
1 0.052884615384615384 0.7536057692307693 0.10576923076923077 0.18028846153846154
1 0.11658653846153846 0.9314903846153846 0.17548076923076922 0.13341346153846154
1 0.7836538461538461 0.3581730769230769 0.1778846153846154 0.21634615384615385
2 0.7283653846153846 0.109375 0.25961538461538464 0.21514423076923078
0 0.9194711538461539 0.41225961538461536 0.052884615384615384 0.054086538461538464