1 0.6490384615384616 0.23076923076923078 0.21875 0.22115384615384615
1 0.8233173076923077 0.2764423076923077 0.25240384615384615 0.23076923076923078
1 0.8509615384615384 0.08413461538461539 0.2644230769230769 0.16466346153846154
1 0.5456730769230769 0.5240384615384616 0.2548076923076923 0.22716346153846154
1 0.24879807692307693 0.7620192307692307 0.2548076923076923 0.22716346153846154
1 0.4110576923076923 0.7932692307692307 0.19230769230769232 0.20793269230769232
1 0.5516826923076923 0.7211538461538461 0.19951923076923078 0.19110576923076922
1 0.8197115384615384 0.8894230769230769 0.18990384615384615 0.21634615384615385
1 0.8846153846153846 0.6442307692307693 0.18990384615384615 0.21875
1 0.7944711538461539 0.5036057692307693 0.21875 0.24639423076923078
1 0.4567307692307692 0.0985576923076923 0.22115384615384615 0.1935096153846154
1 0.3004807692307692 0.2403846153846154 0.22115384615384615 0.23076923076923078
1 0.23197115384615385 0.4639423076923077 0.22115384615384615 0.23076923076923078
2 0.4254807692307692 0.3605769230769231 0.23557692307692307 0.2620192307692308