1 0.3701923076923077 0.31490384615384615 0.2620192307692308 0.2620192307692308
1 0.7800480769230769 0.38341346153846156 0.1658653846153846 0.17908653846153846
1 0.6153846153846154 0.3016826923076923 0.2091346153846154 0.1875
1 0.7139423076923077 0.5997596153846154 0.18990384615384615 0.16706730769230768
1 0.5288461538461539 0.5372596153846154 0.21875 0.18389423076923078
1 0.4230769230769231 0.7451923076923077 0.18269230769230768 0.1935096153846154
1 0.2608173076923077 0.7848557692307693 0.21394230769230768 0.23076923076923078
1 0.6322115384615384 0.8545673076923077 0.23317307692307693 0.2127403846153846
1 0.8689903846153846 0.78125 0.22355769230769232 0.2247596153846154
1 0.15144230769230768 0.3233173076923077 0.1971153846153846 0.19110576923076922
1 0.15625 0.5348557692307693 0.21394230769230768 0.23918269230769232
1 0.46033653846153844 0.12379807692307693 0.21634615384615385 0.22235576923076922
2 0.7247596153846154 0.16706730769230768 0.47115384615384615 0.3293269230769231