1 0.5588942307692307 0.6033653846153846 0.17548076923076922 0.20673076923076922
1 0.6081730769230769 0.7956730769230769 0.2127403846153846 0.24158653846153846
1 0.4014423076923077 0.59375 0.17548076923076922 0.21634615384615385
1 0.12860576923076922 0.28725961538461536 0.1658653846153846 0.2127403846153846
1 0.08413461538461539 0.09735576923076923 0.16346153846153846 0.19110576923076922
1 0.6610576923076923 0.08173076923076923 0.1622596153846154 0.15985576923076922
1 0.4831730769230769 0.28846153846153844 0.1814903846153846 0.20192307692307693
1 0.9254807692307693 0.9026442307692307 0.1466346153846154 0.19110576923076922
1 0.27524038461538464 0.3786057692307692 0.16706730769230768 0.25841346153846156
1 0.36899038461538464 0.8834134615384616 0.17067307692307693 0.22956730769230768
1 0.06129807692307692 0.7295673076923077 0.1201923076923077 0.24639423076923078
1 0.10216346153846154 0.5144230769230769 0.15504807692307693 0.24639423076923078
1 0.7391826923076923 0.5276442307692307 0.18389423076923078 0.24158653846153846
0 0.5985576923076923 0.9507211538461539 0.07451923076923077 0.09375
2 0.31971153846153844 0.1310096153846154 0.3329326923076923 0.25841346153846156