1 0.30288461538461536 0.7692307692307693 0.23076923076923078 0.1935096153846154
1 0.15985576923076922 0.8521634615384616 0.18028846153846154 0.2920673076923077
1 0.04927884615384615 0.1141826923076923 0.0985576923076923 0.2091346153846154
1 0.49759615384615385 0.4206730769230769 0.25961538461538464 0.22956730769230768
1 0.11298076923076923 0.46033653846153844 0.22596153846153846 0.23317307692307693
1 0.7944711538461539 0.2776442307692308 0.25961538461538464 0.22956730769230768
1 0.7283653846153846 0.46033653846153844 0.19471153846153846 0.21634615384615385
1 0.6790865384615384 0.109375 0.1971153846153846 0.21514423076923078
1 0.4735576923076923 0.6875 0.22596153846153846 0.2127403846153846
1 0.2091346153846154 0.28365384615384615 0.22596153846153846 0.2127403846153846
2 0.4182692307692308 0.17548076923076922 0.2403846153846154 0.25240384615384615