1 0.8990384615384616 0.2283653846153846 0.1971153846153846 0.21634615384615385
1 0.765625 0.34615384615384615 0.24278846153846154 0.22956730769230768
1 0.6370192307692307 0.26802884615384615 0.25961538461538464 0.22716346153846154
1 0.7067307692307693 0.10216346153846154 0.2620192307692308 0.19951923076923078
1 0.4795673076923077 0.17427884615384615 0.2644230769230769 0.23076923076923078
1 0.19110576923076922 0.5132211538461539 0.2644230769230769 0.23076923076923078
1 0.4206730769230769 0.41346153846153844 0.28125 0.24759615384615385
1 0.8689903846153846 0.5132211538461539 0.24519230769230768 0.21514423076923078
1 0.7487980769230769 0.7283653846153846 0.25 0.20673076923076922
1 0.6298076923076923 0.9134615384615384 0.2403846153846154 0.16826923076923078
1 0.1935096153846154 0.7055288461538461 0.20432692307692307 0.18990384615384615
1 0.09615384615384616 0.7235576923076923 0.19230769230769232 0.19230769230769232
1 0.07572115384615384 0.9074519230769231 0.15144230769230768 0.18028846153846154
1 0.21153846153846154 0.19951923076923078 0.23557692307692307 0.23798076923076922
1 0.32211538461538464 0.27524038461538464 0.28125 0.25
2 0.45552884615384615 0.7848557692307693 0.5721153846153846 0.3858173076923077