1 0.4026442307692308 0.8713942307692307 0.18990384615384615 0.22956730769230768
1 0.4987980769230769 0.4182692307692308 0.18990384615384615 0.2247596153846154
1 0.21634615384615385 0.4170673076923077 0.18990384615384615 0.2247596153846154
1 0.22596153846153846 0.7079326923076923 0.25 0.34134615384615385
1 0.8629807692307693 0.24639423076923078 0.22355769230769232 0.2439903846153846
1 0.734375 0.31971153846153844 0.1971153846153846 0.22235576923076922
1 0.3629807692307692 0.23317307692307693 0.18990384615384615 0.2247596153846154
1 0.8461538461538461 0.41346153846153844 0.1971153846153846 0.22235576923076922
1 0.13221153846153846 0.23798076923076922 0.18990384615384615 0.2247596153846154
2 0.5961538461538461 0.13341346153846154 0.2980769230769231 0.2620192307692308
0 0.3112980769230769 0.5276442307692307 0.07692307692307693 0.07692307692307693
0 0.1622596153846154 0.9639423076923077 0.07451923076923077 0.06850961538461539