1 0.44350961538461536 0.6286057692307693 0.20192307692307693 0.22956730769230768
1 0.2403846153846154 0.21033653846153846 0.22596153846153846 0.23798076923076922
1 0.6237980769230769 0.22596153846153846 0.20192307692307693 0.23918269230769232
1 0.8028846153846154 0.31850961538461536 0.19951923076923078 0.25
1 0.8341346153846154 0.5252403846153846 0.21153846153846154 0.2536057692307692
1 0.7463942307692307 0.7764423076923077 0.21875 0.1935096153846154
1 0.5432692307692307 0.4375 0.2091346153846154 0.23798076923076922
1 0.6670673076923077 0.5745192307692307 0.23076923076923078 0.21033653846153846
1 0.23317307692307693 0.4567307692307692 0.1778846153846154 0.20673076923076922
1 0.3918269230769231 0.07692307692307693 0.21634615384615385 0.1502403846153846
1 0.15625 0.44471153846153844 0.15384615384615385 0.2644230769230769
2 0.4855769230769231 0.8701923076923077 0.40384615384615385 0.25600961538461536