1 0.5625 0.5973557692307693 0.18269230769230768 0.21514423076923078
1 0.30649038461538464 0.6742788461538461 0.18269230769230768 0.21514423076923078
1 0.38461538461538464 0.6754807692307693 0.18269230769230768 0.21514423076923078
1 0.37740384615384615 0.8557692307692307 0.1971153846153846 0.20673076923076922
1 0.140625 0.8028846153846154 0.1971153846153846 0.20673076923076922
1 0.054086538461538464 0.8209134615384616 0.10817307692307693 0.2091346153846154
1 0.5300480769230769 0.9134615384615384 0.18509615384615385 0.16826923076923078
1 0.5913461538461539 0.8894230769230769 0.18269230769230768 0.17067307692307693
1 0.640625 0.8353365384615384 0.18269230769230768 0.17067307692307693
1 0.7151442307692307 0.7920673076923077 0.18269230769230768 0.17067307692307693
1 0.7620192307692307 0.75 0.18269230769230768 0.17067307692307693
1 0.8004807692307693 0.71875 0.18269230769230768 0.17067307692307693
1 0.7572115384615384 0.5036057692307693 0.18269230769230768 0.17067307692307693
1 0.8040865384615384 0.5204326923076923 0.18269230769230768 0.17067307692307693
1 0.8557692307692307 0.5480769230769231 0.18269230769230768 0.17067307692307693
1 0.7319711538461539 0.2956730769230769 0.18990384615384615 0.21634615384615385
1 0.1141826923076923 0.33533653846153844 0.1875 0.21634615384615385
1 0.25841346153846156 0.25240384615384615 0.18990384615384615 0.21634615384615385
1 0.39903846153846156 0.29927884615384615 0.16105769230769232 0.16826923076923078
1 0.6887019230769231 0.11177884615384616 0.16105769230769232 0.16826923076923078
1 0.9387019230769231 0.375 0.11778846153846154 0.17307692307692307
2 0.90625 0.171875 0.18269230769230768 0.25721153846153844
1 0.4362980769230769 0.4879807692307692 0.18269230769230768 0.21514423076923078
1 0.3954326923076923 0.19230769230769232 0.18269230769230768 0.21514423076923078
0 0.39302884615384615 0.056490384615384616 0.057692307692307696 0.05889423076923077