1 0.5276442307692307 0.28365384615384615 0.17067307692307693 0.2127403846153846
1 0.39783653846153844 0.3269230769230769 0.13942307692307693 0.17548076923076922
1 0.14182692307692307 0.7692307692307693 0.13942307692307693 0.25841346153846156
1 0.9014423076923077 0.6394230769230769 0.17067307692307693 0.2127403846153846
1 0.33653846153846156 0.5516826923076923 0.17548076923076922 0.21634615384615385
1 0.46033653846153844 0.5432692307692307 0.15384615384615385 0.20192307692307693
1 0.5540865384615384 0.5336538461538461 0.15865384615384615 0.19110576923076922
1 0.3173076923076923 0.13341346153846154 0.15865384615384615 0.19110576923076922
1 0.055288461538461536 0.4879807692307692 0.11057692307692307 0.21033653846153846
1 0.2824519230769231 0.3233173076923077 0.15865384615384615 0.19110576923076922
1 0.7584134615384616 0.6442307692307693 0.14903846153846154 0.21634615384615385
1 0.8052884615384616 0.39302884615384615 0.1875 0.22716346153846154
1 0.7391826923076923 0.1971153846153846 0.1875 0.22716346153846154
2 0.5757211538461539 0.8137019230769231 0.38221153846153844 0.36899038461538464