2 0.2692307692307692 0.2860576923076923 0.2692307692307692 0.25240384615384615
1 0.5144230769230769 0.6802884615384616 0.23317307692307693 0.21875
1 0.44471153846153844 0.24639423076923078 0.23317307692307693 0.21875
1 0.6694711538461539 0.6213942307692307 0.18990384615384615 0.19591346153846154
1 0.8557692307692307 0.7127403846153846 0.18990384615384615 0.19591346153846154
1 0.8137019230769231 0.7475961538461539 0.18990384615384615 0.19591346153846154
1 0.7487980769230769 0.8737980769230769 0.2644230769230769 0.22716346153846154
1 0.40625 0.5516826923076923 0.20673076923076922 0.18389423076923078
1 0.3389423076923077 0.7920673076923077 0.27403846153846156 0.23798076923076922
1 0.06850961538461539 0.0985576923076923 0.13701923076923078 0.19230769230769232
1 0.2127403846153846 0.11658653846153846 0.2091346153846154 0.16706730769230768
1 0.5769230769230769 0.09375 0.23557692307692307 0.18389423076923078
1 0.8509615384615384 0.3762019230769231 0.23557692307692307 0.18509615384615385
1 0.890625 0.5048076923076923 0.21394230769230768 0.1875
1 0.9338942307692307 0.6201923076923077 0.12740384615384615 0.20673076923076922
1 0.7307692307692307 0.3112980769230769 0.19951923076923078 0.20192307692307693
1 0.6213942307692307 0.23677884615384615 0.19951923076923078 0.20192307692307693
1 0.6875 0.3798076923076923 0.19951923076923078 0.20192307692307693
1 0.7067307692307693 0.4338942307692308 0.22115384615384615 0.20793269230769232
1 0.6706730769230769 0.4375 0.22115384615384615 0.20793269230769232
1 0.6237980769230769 0.4831730769230769 0.22115384615384615 0.20793269230769232
1 0.2091346153846154 0.6045673076923077 0.25961538461538464 0.21634615384615385
1 0.9110576923076923 0.9230769230769231 0.17307692307692307 0.14903846153846154
1 0.20552884615384615 0.8798076923076923 0.18990384615384615 0.23557692307692307
0 0.10697115384615384 0.2668269230769231 0.07932692307692307 0.09615384615384616