1 0.4411057692307692 0.12259615384615384 0.25240384615384615 0.24158653846153846
1 0.6225961538461539 0.6838942307692307 0.25240384615384615 0.24158653846153846
1 0.4579326923076923 0.6838942307692307 0.25240384615384615 0.24158653846153846
1 0.2439903846153846 0.8197115384615384 0.2932692307692308 0.2439903846153846
1 0.11057692307692307 0.7223557692307693 0.20432692307692307 0.23557692307692307
1 0.9110576923076923 0.26322115384615385 0.17307692307692307 0.20432692307692307
1 0.640625 0.07211538461538461 0.20192307692307693 0.13942307692307693
1 0.3401442307692308 0.3713942307692308 0.25240384615384615 0.24158653846153846
1 0.9399038461538461 0.4543269230769231 0.11538461538461539 0.2403846153846154
0 0.7115384615384616 0.9194711538461539 0.14903846153846154 0.12740384615384615
0 0.5012019230769231 0.8930288461538461 0.08653846153846154 0.08533653846153846
0 0.8737980769230769 0.4182692307692308 0.10096153846153846 0.11298076923076923
0 0.1045673076923077 0.30288461538461536 0.06490384615384616 0.10216346153846154
2 0.71875 0.26802884615384615 0.4375 0.4230769230769231