1 0.27403846153846156 0.49278846153846156 0.21634615384615385 0.18990384615384615
1 0.4891826923076923 0.6550480769230769 0.21634615384615385 0.18990384615384615
1 0.7800480769230769 0.8569711538461539 0.21634615384615385 0.18990384615384615
1 0.890625 0.6802884615384616 0.21394230769230768 0.19230769230769232
1 0.8016826923076923 0.2932692307692308 0.21634615384615385 0.18990384615384615
1 0.6225961538461539 0.16466346153846154 0.17307692307692307 0.17908653846153846
1 0.22596153846153846 0.19831730769230768 0.20192307692307693 0.19110576923076922
1 0.5973557692307693 0.7620192307692307 0.20192307692307693 0.2247596153846154
1 0.7403846153846154 0.4831730769230769 0.20192307692307693 0.2247596153846154
1 0.421875 0.22355769230769232 0.18028846153846154 0.21875
1 0.7836538461538461 0.08653846153846154 0.17307692307692307 0.16826923076923078
1 0.18269230769230768 0.9326923076923077 0.19471153846153846 0.1310096153846154
2 0.578125 0.49038461538461536 0.21634615384615385 0.2608173076923077