1 0.8461538461538461 0.27283653846153844 0.21875 0.24158653846153846
1 0.6466346153846154 0.17548076923076922 0.25721153846153844 0.24639423076923078
1 0.13341346153846154 0.7992788461538461 0.17307692307692307 0.1935096153846154
1 0.1814903846153846 0.4639423076923077 0.18990384615384615 0.1935096153846154
1 0.5793269230769231 0.49278846153846156 0.19951923076923078 0.1935096153846154
1 0.640625 0.39903846153846156 0.19230769230769232 0.21514423076923078
1 0.4254807692307692 0.7992788461538461 0.19471153846153846 0.22235576923076922
1 0.15745192307692307 0.3269230769230769 0.19230769230769232 0.25
1 0.2800480769230769 0.7379807692307693 0.17548076923076922 0.22956730769230768
2 0.3798076923076923 0.24759615384615385 0.38461538461538464 0.4254807692307692
0 0.9110576923076923 0.44350961538461536 0.08413461538461539 0.09615384615384616
0 0.19230769230769232 0.9074519230769231 0.0889423076923077 0.0733173076923077