1 0.6310096153846154 0.7307692307692307 0.23557692307692307 0.22235576923076922
1 0.49278846153846156 0.8774038461538461 0.15865384615384615 0.2127403846153846
1 0.21153846153846154 0.8473557692307693 0.18269230769230768 0.21875
1 0.35697115384615385 0.7487980769230769 0.18269230769230768 0.21875
1 0.31009615384615385 0.5432692307692307 0.18269230769230768 0.21875
1 0.4026442307692308 0.203125 0.20432692307692307 0.22235576923076922
1 0.6021634615384616 0.35336538461538464 0.20432692307692307 0.25600961538461536
1 0.3161057692307692 0.3918269230769231 0.1971153846153846 0.22956730769230768
1 0.5853365384615384 0.1141826923076923 0.2091346153846154 0.2247596153846154
1 0.7728365384615384 0.1141826923076923 0.23076923076923078 0.13701923076923078
1 0.07572115384615384 0.22235576923076922 0.15144230769230768 0.17548076923076922
1 0.07211538461538461 0.3449519230769231 0.14423076923076922 0.2091346153846154
1 0.09495192307692307 0.07091346153846154 0.1658653846153846 0.13701923076923078
1 0.2932692307692308 0.07091346153846154 0.1658653846153846 0.13701923076923078
2 0.8425480769230769 0.5516826923076923 0.31009615384615385 0.4254807692307692
0 0.7379807692307693 0.7127403846153846 0.07692307692307693 0.09134615384615384