1 0.875 0.33774038461538464 0.2091346153846154 0.23317307692307693
1 0.8377403846153846 0.5685096153846154 0.2091346153846154 0.23317307692307693
1 0.06850961538461539 0.7920673076923077 0.13701923076923078 0.23798076923076922
1 0.7367788461538461 0.7692307692307693 0.18509615384615385 0.19591346153846154
1 0.4807692307692308 0.21514423076923078 0.18509615384615385 0.19591346153846154
1 0.12860576923076922 0.06850961538461539 0.13701923076923078 0.13341346153846154
1 0.5600961538461539 0.6490384615384616 0.18509615384615385 0.15985576923076922
1 0.2824519230769231 0.6298076923076923 0.18509615384615385 0.15985576923076922
1 0.4423076923076923 0.38822115384615385 0.18509615384615385 0.15985576923076922
1 0.6754807692307693 0.08173076923076923 0.18509615384615385 0.15865384615384615
1 0.31850961538461536 0.8245192307692307 0.18509615384615385 0.18389423076923078
1 0.23076923076923078 0.30649038461538464 0.18509615384615385 0.18389423076923078
1 0.7331730769230769 0.3329326923076923 0.19230769230769232 0.22115384615384615
1 0.5985576923076923 0.8689903846153846 0.21153846153846154 0.21634615384615385
1 0.3894230769230769 0.6598557692307693 0.13701923076923078 0.1502403846153846
2 0.09975961538461539 0.5360576923076923 0.19951923076923078 0.24519230769230768
0 0.8269230769230769 0.6490384615384616 0.04807692307692308 0.056490384615384616