2 0.6322115384615384 0.7223557692307693 0.3389423076923077 0.3870192307692308
1 0.4206730769230769 0.6995192307692307 0.16706730769230768 0.2127403846153846
1 0.33653846153846156 0.6045673076923077 0.14423076923076922 0.18389423076923078
1 0.12620192307692307 0.46634615384615385 0.171875 0.19110576923076922
1 0.24278846153846154 0.35697115384615385 0.2127403846153846 0.25240384615384615
1 0.11778846153846154 0.8449519230769231 0.15745192307692307 0.25600961538461536
1 0.26802884615384615 0.9074519230769231 0.16105769230769232 0.1814903846153846
1 0.9375 0.6189903846153846 0.12139423076923077 0.23798076923076922
1 0.8401442307692307 0.45913461538461536 0.17307692307692307 0.23918269230769232
1 0.4230769230769231 0.3112980769230769 0.171875 0.1935096153846154
1 0.33653846153846156 0.1658653846153846 0.18629807692307693 0.21033653846153846
1 0.9314903846153846 0.18629807692307693 0.13221153846153846 0.1814903846153846
1 0.8185096153846154 0.0889423076923077 0.21153846153846154 0.17307692307692307
1 0.13341346153846154 0.10216346153846154 0.12620192307692307 0.19110576923076922
1 0.8377403846153846 0.7115384615384616 0.14903846153846154 0.3016826923076923
1 0.5733173076923077 0.35336538461538464 0.1875 0.23918269230769232
0 0.4495192307692308 0.4098557692307692 0.055288461538461536 0.06490384615384616