1 0.3389423076923077 0.23076923076923078 0.22596153846153846 0.22115384615384615
1 0.16706730769230768 0.2764423076923077 0.25961538461538464 0.23076923076923078
1 0.13341346153846154 0.08413461538461539 0.2668269230769231 0.16826923076923078
1 0.4543269230769231 0.5240384615384616 0.2644230769230769 0.22716346153846154
1 0.7632211538461539 0.7620192307692307 0.2644230769230769 0.22716346153846154
1 0.6009615384615384 0.7932692307692307 0.19951923076923078 0.20793269230769232
1 0.4579326923076923 0.7211538461538461 0.20673076923076922 0.19110576923076922
1 0.1971153846153846 0.8894230769230769 0.1971153846153846 0.21634615384615385
1 0.12259615384615384 0.6442307692307693 0.1971153846153846 0.21875
1 0.20552884615384615 0.5036057692307693 0.22596153846153846 0.24639423076923078
1 0.5264423076923077 0.0985576923076923 0.23076923076923078 0.1935096153846154
1 0.6875 0.2403846153846154 0.23076923076923078 0.23076923076923078
1 0.765625 0.4639423076923077 0.23076923076923078 0.23076923076923078
2 0.5673076923076923 0.3605769230769231 0.24519230769230768 0.2620192307692308