2 0.36778846153846156 0.25 0.36778846153846156 0.3581730769230769
1 0.5600961538461539 0.3605769230769231 0.22115384615384615 0.25
1 0.7524038461538461 0.2956730769230769 0.22115384615384615 0.25
1 0.5252403846153846 0.6310096153846154 0.22115384615384615 0.25
1 0.32211538461538464 0.6754807692307693 0.21153846153846154 0.23557692307692307
1 0.4543269230769231 0.8786057692307693 0.25721153846153844 0.23918269230769232
1 0.8942307692307693 0.4266826923076923 0.20673076923076922 0.24278846153846154
1 0.08774038461538461 0.9290865384615384 0.17548076923076922 0.13701923076923078
1 0.25961538461538464 0.08052884615384616 0.2091346153846154 0.15625
1 0.13822115384615385 0.41586538461538464 0.17548076923076922 0.19831730769230768
1 0.9338942307692307 0.078125 0.12740384615384615 0.15625
1 0.9074519230769231 0.6358173076923077 0.1346153846153846 0.17067307692307693
1 0.8100961538461539 0.8413461538461539 0.23317307692307693 0.20793269230769232
1 0.08653846153846154 0.5769230769230769 0.17307692307692307 0.2403846153846154
0 0.19110576923076922 0.6586538461538461 0.07932692307692307 0.09975961538461539
1 0.7439903846153846 0.11538461538461539 0.25 0.22716346153846154
1 0.37259615384615385 0.5961538461538461 0.19471153846153846 0.17067307692307693
1 0.3389423076923077 0.5420673076923077 0.19471153846153846 0.17067307692307693