1 0.7007211538461539 0.0985576923076923 0.2283653846153846 0.18990384615384615
1 0.6382211538461539 0.5348557692307693 0.22355769230769232 0.23918269230769232
1 0.9338942307692307 0.8569711538461539 0.12740384615384615 0.2283653846153846
1 0.8509615384615384 0.2824519230769231 0.17548076923076922 0.22716346153846154
1 0.8004807692307693 0.8557692307692307 0.22355769230769232 0.23918269230769232
1 0.49278846153846156 0.10096153846153846 0.22115384615384615 0.19831730769230768
1 0.12259615384615384 0.27884615384615385 0.24519230769230768 0.2403846153846154
1 0.37259615384615385 0.16346153846153846 0.23798076923076922 0.21033653846153846
1 0.1201923076923077 0.5180288461538461 0.2403846153846154 0.21394230769230768
1 0.7055288461538461 0.46875 0.2283653846153846 0.25
1 0.765625 0.6574519230769231 0.20192307692307693 0.21514423076923078
2 0.2920673076923077 0.8449519230769231 0.46634615384615385 0.30649038461538464
0 0.8052884615384616 0.421875 0.09615384615384616 0.08533653846153846