1 0.7992788461538461 0.4855769230769231 0.24278846153846154 0.20432692307692307
1 0.6826923076923077 0.39783653846153844 0.24278846153846154 0.20432692307692307
1 0.7764423076923077 0.8149038461538461 0.24278846153846154 0.20432692307692307
1 0.9242788461538461 0.7271634615384616 0.1466346153846154 0.23798076923076922
1 0.8942307692307693 0.7439903846153846 0.20673076923076922 0.21875
1 0.3786057692307692 0.5456730769230769 0.24278846153846154 0.20432692307692307
1 0.390625 0.15264423076923078 0.24278846153846154 0.20432692307692307
1 0.8197115384615384 0.25961538461538464 0.24278846153846154 0.20673076923076922
1 0.5709134615384616 0.8329326923076923 0.24278846153846154 0.20432692307692307
1 0.23918269230769232 0.8064903846153846 0.24278846153846154 0.20432692307692307
1 0.07572115384615384 0.25240384615384615 0.15144230769230768 0.20673076923076922
1 0.20793269230769232 0.31490384615384615 0.24278846153846154 0.20432692307692307
1 0.051682692307692304 0.1045673076923077 0.10336538461538461 0.20432692307692307
1 0.22716346153846154 0.5961538461538461 0.31009615384615385 0.25
1 0.5408653846153846 0.07932692307692307 0.2091346153846154 0.15384615384615385
2 0.16466346153846154 0.10697115384615384 0.25240384615384615 0.21033653846153846
0 0.7007211538461539 0.7920673076923077 0.07692307692307693 0.0625