1 0.7091346153846154 0.1658653846153846 0.19471153846153846 0.1935096153846154
1 0.8954326923076923 0.12860576923076922 0.18509615384615385 0.1875
1 0.5697115384615384 0.7151442307692307 0.19471153846153846 0.1935096153846154
1 0.2848557692307692 0.8016826923076923 0.19471153846153846 0.2247596153846154
1 0.2704326923076923 0.5661057692307693 0.15625 0.22716346153846154
1 0.07572115384615384 0.3918269230769231 0.14423076923076922 0.2668269230769231
1 0.7043269230769231 0.4891826923076923 0.16346153846153846 0.2127403846153846
1 0.5649038461538461 0.3016826923076923 0.16346153846153846 0.2127403846153846
1 0.8533653846153846 0.2704326923076923 0.1658653846153846 0.1875
1 0.4639423076923077 0.8329326923076923 0.1875 0.25
2 0.38461538461538464 0.3004807692307692 0.22115384615384615 0.2776442307692308
0 0.7596153846153846 0.5612980769230769 0.055288461538461536 0.06850961538461539
2 0.06370192307692307 0.6838942307692307 0.12740384615384615 0.2620192307692308