1 0.23918269230769232 0.15865384615384615 0.20192307692307693 0.19110576923076922
1 0.5673076923076923 0.7548076923076923 0.21634615384615385 0.22235576923076922
1 0.8894230769230769 0.8822115384615384 0.21634615384615385 0.22235576923076922
1 0.9326923076923077 0.7079326923076923 0.12980769230769232 0.21875
1 0.8293269230769231 0.5612980769230769 0.21634615384615385 0.22235576923076922
1 0.125 0.22355769230769232 0.13942307692307693 0.27283653846153844
1 0.6850961538461539 0.11298076923076923 0.21634615384615385 0.22115384615384615
1 0.6850961538461539 0.33653846153846156 0.21634615384615385 0.22235576923076922
1 0.6778846153846154 0.9206730769230769 0.2091346153846154 0.15384615384615385
1 0.20552884615384615 0.8245192307692307 0.21634615384615385 0.22235576923076922
2 0.35697115384615385 0.47115384615384615 0.3918269230769231 0.4338942307692308