1 0.18389423076923078 0.13822115384615385 0.19230769230769232 0.20192307692307693
1 0.15865384615384615 0.6358173076923077 0.17067307692307693 0.19110576923076922
1 0.6502403846153846 0.8353365384615384 0.17067307692307693 0.19110576923076922
1 0.2620192307692308 0.8497596153846154 0.17067307692307693 0.19110576923076922
1 0.38221153846153844 0.46274038461538464 0.17307692307692307 0.22956730769230768
1 0.7127403846153846 0.5973557692307693 0.17307692307692307 0.22956730769230768
1 0.921875 0.6850961538461539 0.15144230769230768 0.23076923076923078
1 0.9266826923076923 0.39783653846153844 0.13701923076923078 0.22956730769230768
1 0.16105769230769232 0.39302884615384615 0.14903846153846154 0.21875
1 0.4951923076923077 0.49158653846153844 0.17307692307692307 0.22956730769230768
1 0.49038461538461536 0.6730769230769231 0.17307692307692307 0.22956730769230768
1 0.46274038461538464 0.8485576923076923 0.17548076923076922 0.20673076923076922
2 0.6009615384615384 0.27884615384615385 0.3798076923076923 0.4338942307692308
0 0.8149038461538461 0.8870192307692307 0.07932692307692307 0.06009615384615385