2 0.32211538461538464 0.4699519230769231 0.30528846153846156 0.44350961538461536
1 0.6382211538461539 0.5 0.13942307692307693 0.1622596153846154
1 0.7199519230769231 0.42908653846153844 0.13942307692307693 0.1622596153846154
1 0.7872596153846154 0.3125 0.13942307692307693 0.1622596153846154
1 0.7908653846153846 0.39783653846153844 0.13942307692307693 0.20432692307692307
1 0.8449519230769231 0.41947115384615385 0.11057692307692307 0.15985576923076922
1 0.8269230769230769 0.5901442307692307 0.16706730769230768 0.20192307692307693
1 0.10216346153846154 0.734375 0.16105769230769232 0.23557692307692307
1 0.41586538461538464 0.125 0.14543269230769232 0.21634615384615385
1 0.6069711538461539 0.20793269230769232 0.14543269230769232 0.21634615384615385
1 0.5865384615384616 0.2644230769230769 0.18269230769230768 0.22115384615384615
1 0.47596153846153844 0.2608173076923077 0.1466346153846154 0.19110576923076922
1 0.7043269230769231 0.7139423076923077 0.1466346153846154 0.21514423076923078
1 0.38461538461538464 0.8088942307692307 0.1466346153846154 0.21514423076923078
1 0.23076923076923078 0.8846153846153846 0.1971153846153846 0.21875
1 0.24639423076923078 0.12259615384615384 0.16826923076923078 0.24158653846153846
0 0.1622596153846154 0.3629807692307692 0.057692307692307696 0.09014423076923077
1 0.48197115384615385 0.9350961538461539 0.14543269230769232 0.125
1 0.07451923076923077 0.26802884615384615 0.14543269230769232 0.21514423076923078