1 0.8341346153846154 0.4675480769230769 0.29086538461538464 0.22235576923076922
1 0.5817307692307693 0.3942307692307692 0.18269230769230768 0.17668269230769232
1 0.578125 0.19591346153846154 0.21634615384615385 0.17908653846153846
1 0.47836538461538464 0.59375 0.22115384615384615 0.1875
1 0.8834134615384616 0.9050480769230769 0.22115384615384615 0.18509615384615385
1 0.5168269230769231 0.8125 0.22115384615384615 0.1875
1 0.3245192307692308 0.24759615384615385 0.22115384615384615 0.1875
1 0.7848557692307693 0.26322115384615385 0.22596153846153846 0.18990384615384615
1 0.7043269230769231 0.078125 0.22115384615384615 0.15264423076923078
1 0.06850961538461539 0.4411057692307692 0.13701923076923078 0.17067307692307693
2 0.19951923076923078 0.6129807692307693 0.31009615384615385 0.23798076923076922