1 0.3798076923076923 0.31490384615384615 0.21394230769230768 0.2127403846153846
1 0.08413461538461539 0.5528846153846154 0.16826923076923078 0.20192307692307693
1 0.0889423076923077 0.7716346153846154 0.1778846153846154 0.20673076923076922
1 0.7860576923076923 0.4338942307692308 0.16826923076923078 0.21033653846153846
1 0.6586538461538461 0.18389423076923078 0.16346153846153846 0.17668269230769232
1 0.8653846153846154 0.35096153846153844 0.16826923076923078 0.18990384615384615
1 0.8245192307692307 0.9242788461538461 0.17548076923076922 0.14783653846153846
1 0.8629807692307693 0.5973557692307693 0.16105769230769232 0.17307692307692307
1 0.31971153846153844 0.5865384615384616 0.17307692307692307 0.18990384615384615
1 0.42427884615384615 0.828125 0.2403846153846154 0.22716346153846154
1 0.7572115384615384 0.7944711538461539 0.18028846153846154 0.23076923076923078
1 0.20432692307692307 0.7608173076923077 0.19230769230769232 0.2127403846153846
1 0.5372596153846154 0.14903846153846154 0.17307692307692307 0.18990384615384615
2 0.5697115384615384 0.5408653846153846 0.35336538461538464 0.37740384615384615
0 0.9867788461538461 0.10096153846153846 0.021634615384615384 0.07692307692307693