2 0.23197115384615385 0.41225961538461536 0.4423076923076923 0.41225961538461536
1 0.7019230769230769 0.4254807692307692 0.22596153846153846 0.2247596153846154
1 0.9002403846153846 0.6730769230769231 0.19471153846153846 0.22596153846153846
1 0.6045673076923077 0.24158653846153846 0.19951923076923078 0.20432692307692307
1 0.7451923076923077 0.24759615384615385 0.19951923076923078 0.20432692307692307
1 0.8774038461538461 0.37740384615384615 0.19951923076923078 0.20432692307692307
1 0.8557692307692307 0.19951923076923078 0.1971153846153846 0.20673076923076922
1 0.6971153846153846 0.8088942307692307 0.19951923076923078 0.20432692307692307
1 0.6394230769230769 0.8088942307692307 0.19951923076923078 0.20432692307692307
1 0.5661057692307693 0.8461538461538461 0.19951923076923078 0.20432692307692307
1 0.5 0.8605769230769231 0.19951923076923078 0.20432692307692307
1 0.3389423076923077 0.9098557692307693 0.21153846153846154 0.17548076923076922
1 0.08413461538461539 0.515625 0.16826923076923078 0.28125
1 0.4074519230769231 0.08173076923076923 0.19230769230769232 0.15985576923076922
1 0.27403846153846156 0.08173076923076923 0.19230769230769232 0.15985576923076922
1 0.16466346153846154 0.9182692307692307 0.18990384615384615 0.15865384615384615
1 0.42427884615384615 0.6358173076923077 0.21875 0.16706730769230768
1 0.7427884615384616 0.09254807692307693 0.3004807692307692 0.1814903846153846
1 0.3485576923076923 0.7560096153846154 0.16105769230769232 0.22956730769230768
1 0.8641826923076923 0.9098557692307693 0.23557692307692307 0.17548076923076922