1 0.75 0.32091346153846156 0.24278846153846154 0.19951923076923078
1 0.7043269230769231 0.7463942307692307 0.28846153846153844 0.22956730769230768
1 0.43028846153846156 0.8245192307692307 0.22115384615384615 0.2536057692307692
1 0.1310096153846154 0.41947115384615385 0.23317307692307693 0.2439903846153846
1 0.20432692307692307 0.4699519230769231 0.2548076923076923 0.2692307692307692
1 0.2548076923076923 0.7379807692307693 0.23557692307692307 0.24759615384615385
1 0.42908653846153844 0.1971153846153846 0.2692307692307692 0.23557692307692307
1 0.5576923076923077 0.23317307692307693 0.2644230769230769 0.19110576923076922
1 0.2956730769230769 0.1201923076923077 0.2956730769230769 0.22716346153846154
1 0.8293269230769231 0.10576923076923077 0.25961538461538464 0.19831730769230768
1 0.75 0.8942307692307693 0.24759615384615385 0.17668269230769232
1 0.06610576923076923 0.8173076923076923 0.13221153846153846 0.25
1 0.9110576923076923 0.3557692307692308 0.17307692307692307 0.21153846153846154
1 0.9146634615384616 0.5649038461538461 0.15865384615384615 0.23798076923076922
1 0.7680288461538461 0.5408653846153846 0.34375 0.23918269230769232
2 0.48677884615384615 0.515625 0.5745192307692307 0.43990384615384615
0 0.6826923076923077 0.12379807692307693 0.08653846153846154 0.09375
0 0.12980769230769232 0.7848557692307693 0.12259615384615384 0.10216346153846154