1 0.3329326923076923 0.7319711538461539 0.20192307692307693 0.2608173076923077
1 0.5384615384615384 0.7608173076923077 0.18509615384615385 0.17548076923076922
1 0.1658653846153846 0.5216346153846154 0.18028846153846154 0.30649038461538464
1 0.3088942307692308 0.3317307692307692 0.17307692307692307 0.21514423076923078
1 0.8329326923076923 0.9146634615384616 0.19471153846153846 0.16706730769230768
1 0.19471153846153846 0.07451923076923077 0.13221153846153846 0.14423076923076922
1 0.5420673076923077 0.15985576923076922 0.22596153846153846 0.22115384615384615
1 0.40024038461538464 0.1971153846153846 0.15144230769230768 0.19831730769230768
1 0.9206730769230769 0.5901442307692307 0.15384615384615385 0.23317307692307693
1 0.16947115384615385 0.8401442307692307 0.17307692307692307 0.23076923076923078
1 0.039663461538461536 0.09254807692307693 0.07932692307692307 0.18509615384615385
2 0.5480769230769231 0.4735576923076923 0.34615384615384615 0.3641826923076923
1 0.7608173076923077 0.5 0.18509615384615385 0.17548076923076922
1 0.6574519230769231 0.2536057692307692 0.21875 0.22716346153846154