1 0.46033653846153844 0.5913461538461539 0.20432692307692307 0.19110576923076922
1 0.3161057692307692 0.41947115384615385 0.2091346153846154 0.23076923076923078
1 0.3125 0.41586538461538464 0.2091346153846154 0.23076923076923078
1 0.1971153846153846 0.5180288461538461 0.1971153846153846 0.21514423076923078
1 0.055288461538461536 0.08774038461538461 0.11057692307692307 0.17067307692307693
1 0.7608173076923077 0.15504807692307693 0.1875 0.1935096153846154
1 0.8341346153846154 0.3894230769230769 0.18509615384615385 0.20793269230769232
1 0.14423076923076922 0.7295673076923077 0.15144230769230768 0.1875
1 0.10697115384615384 0.3125 0.15144230769230768 0.1875
1 0.11298076923076923 0.49158653846153844 0.15144230769230768 0.1875
1 0.6057692307692307 0.6550480769230769 0.1201923076923077 0.21875
1 0.6009615384615384 0.21394230769230768 0.1658653846153846 0.1814903846153846
1 0.7079326923076923 0.38100961538461536 0.18269230769230768 0.17908653846153846
1 0.6838942307692307 0.9278846153846154 0.18269230769230768 0.13942307692307693
1 0.31490384615384615 0.6225961538461539 0.16346153846153846 0.20432692307692307
2 0.8004807692307693 0.6862980769230769 0.34615384615384615 0.4230769230769231
0 0.5625 0.8377403846153846 0.07451923076923077 0.07932692307692307