2 0.44350961538461536 0.625 0.3004807692307692 0.33774038461538464
1 0.5949519230769231 0.13942307692307693 0.2692307692307692 0.2247596153846154
1 0.43149038461538464 0.36778846153846156 0.21394230769230768 0.24759615384615385
1 0.19831730769230768 0.296875 0.21394230769230768 0.24759615384615385
1 0.24158653846153846 0.43028846153846156 0.21394230769230768 0.24759615384615385
1 0.24759615384615385 0.5817307692307693 0.21394230769230768 0.24759615384615385
1 0.15144230769230768 0.6274038461538461 0.18269230769230768 0.2127403846153846
1 0.13221153846153846 0.7391826923076923 0.18269230769230768 0.2127403846153846
1 0.15144230769230768 0.8413461538461539 0.18269230769230768 0.2127403846153846
1 0.06971153846153846 0.7524038461538461 0.13942307692307693 0.21634615384615385
1 0.9615384615384616 0.14543269230769232 0.07211538461538461 0.24278846153846154
1 0.8557692307692307 0.1141826923076923 0.22596153846153846 0.2247596153846154
1 0.29447115384615385 0.1201923076923077 0.25 0.23557692307692307
0 0.42427884615384615 0.06490384615384616 0.08173076923076923 0.12139423076923077
0 0.5673076923076923 0.9086538461538461 0.07692307692307693 0.07091346153846154
1 0.6442307692307693 0.3449519230769231 0.18028846153846154 0.22716346153846154
1 0.8966346153846154 0.42788461538461536 0.18028846153846154 0.22716346153846154
1 0.7884615384615384 0.9254807692307693 0.1658653846153846 0.14423076923076922
1 0.6610576923076923 0.9254807692307693 0.1658653846153846 0.14423076923076922
1 0.8581730769230769 0.8677884615384616 0.1778846153846154 0.1814903846153846