1 0.7608173076923077 0.32572115384615385 0.23798076923076922 0.22235576923076922
1 0.8713942307692307 0.6213942307692307 0.23798076923076922 0.22235576923076922
1 0.4483173076923077 0.8076923076923077 0.23798076923076922 0.22235576923076922
1 0.3004807692307692 0.7307692307692307 0.21394230769230768 0.20793269230769232
1 0.15144230769230768 0.8064903846153846 0.21394230769230768 0.20793269230769232
1 0.12620192307692307 0.6274038461538461 0.21153846153846154 0.2127403846153846
1 0.6274038461538461 0.9026442307692307 0.20432692307692307 0.19110576923076922
1 0.53125 0.5625 0.23798076923076922 0.1875
1 0.042067307692307696 0.8149038461538461 0.08413461538461539 0.20192307692307693
1 0.4266826923076923 0.49399038461538464 0.21875 0.19591346153846154
1 0.6117788461538461 0.4254807692307692 0.21875 0.22115384615384615
1 0.7247596153846154 0.19110576923076922 0.18990384615384615 0.20793269230769232
1 0.21995192307692307 0.4567307692307692 0.2644230769230769 0.14182692307692307
2 0.3762019230769231 0.24879807692307693 0.31009615384615385 0.2980769230769231
0 0.6538461538461539 0.1045673076923077 0.07211538461538461 0.07091346153846154
0 0.1971153846153846 0.24278846153846154 0.06009615384615385 0.06009615384615385