1 0.8088942307692307 0.38221153846153844 0.1658653846153846 0.1935096153846154
1 0.6610576923076923 0.28365384615384615 0.14423076923076922 0.19591346153846154
1 0.5336538461538461 0.2776442307692308 0.16105769230769232 0.22115384615384615
1 0.25240384615384615 0.28725961538461536 0.1778846153846154 0.20793269230769232
1 0.11538461538461539 0.31009615384615385 0.18028846153846154 0.24158653846153846
1 0.8822115384615384 0.10817307692307693 0.16826923076923078 0.1875
1 0.7463942307692307 0.6394230769230769 0.18269230769230768 0.25
1 0.90625 0.6730769230769231 0.16826923076923078 0.1875
1 0.4014423076923077 0.4795673076923077 0.17067307692307693 0.2127403846153846
1 0.24519230769230768 0.5757211538461539 0.17067307692307693 0.1814903846153846
1 0.07572115384615384 0.8317307692307693 0.15144230769230768 0.18269230769230768
1 0.8293269230769231 0.8713942307692307 0.18509615384615385 0.21033653846153846
0 0.4050480769230769 0.0673076923076923 0.07211538461538461 0.09375
2 0.4855769230769231 0.8245192307692307 0.3485576923076923 0.34615384615384615
0 0.8557692307692307 0.9639423076923077 0.0673076923076923 0.06850961538461539