1 0.7211538461538461 0.18389423076923078 0.23076923076923078 0.25
1 0.5192307692307693 0.23798076923076922 0.30288461538461536 0.21033653846153846
1 0.9134615384615384 0.7872596153846154 0.16826923076923078 0.2283653846153846
1 0.5132211538461539 0.8004807692307693 0.25 0.2247596153846154
1 0.6598557692307693 0.7019230769230769 0.25240384615384615 0.25
1 0.09375 0.4891826923076923 0.1875 0.2091346153846154
1 0.7992788461538461 0.5288461538461539 0.21875 0.21634615384615385
1 0.7860576923076923 0.6117788461538461 0.1778846153846154 0.17668269230769232
1 0.6033653846153846 0.46634615384615385 0.2403846153846154 0.1875
1 0.8329326923076923 0.875 0.18990384615384615 0.19110576923076922
1 0.21514423076923078 0.7463942307692307 0.2403846153846154 0.20192307692307693
1 0.9387019230769231 0.5829326923076923 0.11778846153846154 0.24759615384615385
1 0.21875 0.5661057692307693 0.12980769230769232 0.13341346153846154
2 0.33533653846153844 0.3473557692307692 0.5432692307692307 0.5108173076923077