1 0.33533653846153844 0.6310096153846154 0.2283653846153846 0.23317307692307693
1 0.5793269230769231 0.24639423076923078 0.2283653846153846 0.23317307692307693
1 0.7788461538461539 0.7151442307692307 0.2283653846153846 0.23317307692307693
1 0.5612980769230769 0.49278846153846156 0.14423076923076922 0.2439903846153846
1 0.29086538461538464 0.39302884615384615 0.24519230769230768 0.23918269230769232
1 0.6129807692307693 0.8713942307692307 0.21153846153846154 0.2247596153846154
1 0.41346153846153844 0.8377403846153846 0.25240384615384615 0.20432692307692307
1 0.8822115384615384 0.5564903846153846 0.2283653846153846 0.23317307692307693
1 0.9170673076923077 0.890625 0.16105769230769232 0.21394230769230768
1 0.4855769230769231 0.07692307692307693 0.23076923076923078 0.1502403846153846
1 0.4891826923076923 0.4891826923076923 0.2283653846153846 0.22956730769230768
1 0.2848557692307692 0.828125 0.24278846153846154 0.20192307692307693
2 0.28725961538461536 0.16706730769230768 0.43028846153846156 0.3293269230769231