1 0.6778846153846154 0.7620192307692307 0.2283653846153846 0.16466346153846154
1 0.5649038461538461 0.5036057692307693 0.22596153846153846 0.22716346153846154
1 0.7632211538461539 0.34975961538461536 0.15625 0.16706730769230768
1 0.7872596153846154 0.6322115384615384 0.16346153846153846 0.2439903846153846
1 0.9026442307692307 0.4387019230769231 0.18509615384615385 0.20192307692307693
1 0.9086538461538461 0.6201923076923077 0.1778846153846154 0.19230769230769232
1 0.453125 0.5637019230769231 0.2091346153846154 0.18990384615384615
1 0.33052884615384615 0.5805288461538461 0.22355769230769232 0.20673076923076922
1 0.7223557692307693 0.9314903846153846 0.21875 0.13341346153846154
0 0.32572115384615385 0.8689903846153846 0.06490384615384616 0.07091346153846154
0 0.43509615384615385 0.9519230769230769 0.09134615384615384 0.07091346153846154
0 0.17548076923076922 0.8293269230769231 0.09375 0.11658653846153846
0 0.30288461538461536 0.9399038461538461 0.09375 0.09615384615384616
0 0.26802884615384615 0.16105769230769232 0.09134615384615384 0.07692307692307693
0 0.8173076923076923 0.1875 0.055288461538461536 0.05889423076923077
2 0.9086538461538461 0.8425480769230769 0.1778846153846154 0.31009615384615385