2 0.4074519230769231 0.39302884615384615 0.43028846153846156 0.4026442307692308
1 0.21394230769230768 0.7295673076923077 0.25961538461538464 0.21634615384615385
1 0.34975961538461536 0.8870192307692307 0.24519230769230768 0.22235576923076922
1 0.40024038461538464 0.7992788461538461 0.24519230769230768 0.22235576923076922
1 0.40384615384615385 0.6658653846153846 0.19951923076923078 0.22716346153846154
1 0.46274038461538464 0.7199519230769231 0.19951923076923078 0.22716346153846154
1 0.5084134615384616 0.7487980769230769 0.19951923076923078 0.22716346153846154
1 0.5697115384615384 0.7692307692307693 0.19951923076923078 0.22716346153846154
1 0.9170673076923077 0.7307692307692307 0.16105769230769232 0.21634615384615385
1 0.7211538461538461 0.12139423076923077 0.23557692307692307 0.2127403846153846
1 0.7764423076923077 0.20432692307692307 0.27403846153846156 0.2247596153846154
1 0.1045673076923077 0.3713942307692308 0.2091346153846154 0.2283653846153846
1 0.11899038461538461 0.2439903846153846 0.23798076923076922 0.2283653846153846
1 0.06370192307692307 0.17307692307692307 0.12740384615384615 0.22596153846153846
1 0.33653846153846156 0.07451923076923077 0.27163461538461536 0.14543269230769232
1 0.6526442307692307 0.9435096153846154 0.19230769230769232 0.10817307692307693
1 0.7211538461538461 0.9507211538461539 0.1875 0.09375