1 0.34134615384615385 0.5504807692307693 0.1346153846153846 0.2980769230769231
1 0.2620192307692308 0.8112980769230769 0.2091346153846154 0.21033653846153846
1 0.19951923076923078 0.5865384615384616 0.1658653846153846 0.18990384615384615
1 0.1814903846153846 0.4110576923076923 0.1875 0.20673076923076922
1 0.4387019230769231 0.23076923076923078 0.1971153846153846 0.23317307692307693
1 0.4879807692307692 0.4579326923076923 0.18509615384615385 0.20432692307692307
1 0.6069711538461539 0.5889423076923077 0.20673076923076922 0.20192307692307693
1 0.14182692307692307 0.18509615384615385 0.19951923076923078 0.25841346153846156
1 0.07932692307692307 0.7223557692307693 0.15865384615384615 0.2283653846153846
1 0.5600961538461539 0.8004807692307693 0.16105769230769232 0.23317307692307693
1 0.6502403846153846 0.8088942307692307 0.21394230769230768 0.25240384615384615
1 0.8774038461538461 0.3557692307692308 0.18269230769230768 0.21634615384615385
1 0.9026442307692307 0.23317307692307693 0.1658653846153846 0.19110576923076922
1 0.7992788461538461 0.6550480769230769 0.16826923076923078 0.18509615384615385
2 0.6634615384615384 0.23076923076923078 0.3870192307692308 0.4266826923076923
0 0.44591346153846156 0.7836538461538461 0.052884615384615384 0.0625
0 0.8185096153846154 0.04447115384615385 0.04326923076923077 0.07692307692307693