1 0.7367788461538461 0.65625 0.25961538461538464 0.20793269230769232
1 0.4651442307692308 0.3161057692307692 0.2548076923076923 0.2668269230769231
1 0.7824519230769231 0.4831730769230769 0.2403846153846154 0.24639423076923078
1 0.1814903846153846 0.18389423076923078 0.2860576923076923 0.21033653846153846
1 0.109375 0.640625 0.15625 0.2980769230769231
1 0.7355769230769231 0.8665865384615384 0.2764423076923077 0.24158653846153846
1 0.9050480769230769 0.875 0.18028846153846154 0.24639423076923078
1 0.8629807692307693 0.33052884615384615 0.20432692307692307 0.2608173076923077
1 0.9387019230769231 0.6274038461538461 0.11778846153846154 0.23076923076923078
1 0.4326923076923077 0.10817307692307693 0.2548076923076923 0.2127403846153846
0 0.8641826923076923 0.6430288461538461 0.0625 0.06490384615384616
0 0.6430288461538461 0.4987980769230769 0.11298076923076923 0.09735576923076923
2 0.47115384615384615 0.625 0.41586538461538464 0.36658653846153844