1 0.7439903846153846 0.8293269230769231 0.1971153846153846 0.21634615384615385
1 0.8365384615384616 0.5973557692307693 0.19471153846153846 0.25240384615384615
1 0.5637019230769231 0.20552884615384615 0.19471153846153846 0.25240384615384615
1 0.8137019230769231 0.15745192307692307 0.1875 0.18509615384615385
1 0.7572115384615384 0.13221153846153846 0.1875 0.18509615384615385
1 0.9459134615384616 0.33533653846153844 0.10336538461538461 0.21875
1 0.3798076923076923 0.3713942307692308 0.17067307692307693 0.19951923076923078
1 0.26322115384615385 0.6105769230769231 0.1971153846153846 0.19951923076923078
1 0.17067307692307693 0.8990384615384616 0.1971153846153846 0.19831730769230768
1 0.4182692307692308 0.8461538461538461 0.1971153846153846 0.19951923076923078
1 0.10336538461538461 0.7764423076923077 0.20673076923076922 0.23076923076923078
2 0.5552884615384616 0.5324519230769231 0.4110576923076923 0.4266826923076923