1 0.25600961538461536 0.328125 0.21634615384615385 0.21514423076923078
1 0.1141826923076923 0.6262019230769231 0.21634615384615385 0.21514423076923078
1 0.09495192307692307 0.4543269230769231 0.18990384615384615 0.22115384615384615
1 0.02403846153846154 0.7848557692307693 0.04807692307692308 0.22355769230769232
1 0.3161057692307692 0.8713942307692307 0.23557692307692307 0.22115384615384615
1 0.5252403846153846 0.21153846153846154 0.24278846153846154 0.23076923076923078
1 0.6995192307692307 0.171875 0.1971153846153846 0.2439903846153846
1 0.421875 0.11298076923076923 0.19471153846153846 0.22115384615384615
1 0.9399038461538461 0.42908653846153844 0.11538461538461539 0.22355769230769232
1 0.8329326923076923 0.8942307692307693 0.1346153846153846 0.20793269230769232
1 0.9783653846153846 0.08052884615384616 0.038461538461538464 0.15625
1 0.8774038461538461 0.09735576923076923 0.23317307692307693 0.19110576923076922
1 0.7776442307692307 0.7572115384615384 0.23317307692307693 0.1935096153846154
2 0.5276442307692307 0.5504807692307693 0.4230769230769231 0.43149038461538464
0 0.4182692307692308 0.8858173076923077 0.057692307692307696 0.07932692307692307