1 0.33413461538461536 0.22235576923076922 0.21394230769230768 0.20432692307692307
1 0.23076923076923078 0.3545673076923077 0.21394230769230768 0.20432692307692307
1 0.6105769230769231 0.07451923076923077 0.21875 0.14543269230769232
1 0.5456730769230769 0.16346153846153846 0.21875 0.14783653846153846
1 0.11177884615384616 0.828125 0.21394230769230768 0.1935096153846154
1 0.8870192307692307 0.5336538461538461 0.21394230769230768 0.20793269230769232
1 0.7776442307692307 0.2608173076923077 0.21394230769230768 0.20793269230769232
1 0.10697115384615384 0.578125 0.20673076923076922 0.23076923076923078
1 0.9483173076923077 0.16466346153846154 0.0985576923076923 0.2860576923076923
2 0.5012019230769231 0.7451923076923077 0.42788461538461536 0.39783653846153844
0 0.5625 0.3161057692307692 0.07692307692307693 0.08173076923076923
0 0.38221153846153844 0.4182692307692308 0.07692307692307693 0.08173076923076923