1 0.32211538461538464 0.3425480769230769 0.23798076923076922 0.23557692307692307
1 0.2620192307692308 0.16826923076923078 0.2091346153846154 0.23317307692307693
1 0.4891826923076923 0.2548076923076923 0.14423076923076922 0.21033653846153846
1 0.4110576923076923 0.4831730769230769 0.23317307692307693 0.22956730769230768
1 0.3112980769230769 0.6911057692307693 0.20432692307692307 0.20673076923076922
1 0.5144230769230769 0.6237980769230769 0.23076923076923078 0.21875
1 0.7680288461538461 0.8569711538461539 0.2692307692307692 0.2439903846153846
1 0.09615384615384616 0.5877403846153846 0.19230769230769232 0.21875
1 0.10697115384615384 0.7379807692307693 0.21394230769230768 0.2644230769230769
1 0.609375 0.3942307692307692 0.22115384615384615 0.21033653846153846
1 0.8894230769230769 0.18269230769230768 0.21634615384615385 0.1778846153846154
1 0.7091346153846154 0.09014423076923077 0.23798076923076922 0.17668269230769232
1 0.5588942307692307 0.08533653846153846 0.19471153846153846 0.16706730769230768
1 0.5480769230769231 0.8737980769230769 0.24759615384615385 0.24759615384615385
0 0.18509615384615385 0.7091346153846154 0.0673076923076923 0.06009615384615385
0 0.22355769230769232 0.8701923076923077 0.0889423076923077 0.08533653846153846
2 0.7632211538461539 0.5012019230769231 0.46875 0.5408653846153846