1 0.4495192307692308 0.36778846153846156 0.14423076923076922 0.18990384615384615
1 0.171875 0.5516826923076923 0.23557692307692307 0.19951923076923078
1 0.3329326923076923 0.3786057692307692 0.19230769230769232 0.23076923076923078
1 0.6778846153846154 0.5276442307692307 0.24519230769230768 0.28725961538461536
1 0.9254807692307693 0.6838942307692307 0.125 0.20432692307692307
1 0.14423076923076922 0.19831730769230768 0.125 0.20432692307692307
1 0.16947115384615385 0.7644230769230769 0.13701923076923078 0.19951923076923078
1 0.9423076923076923 0.9206730769230769 0.11057692307692307 0.15384615384615385
1 0.6310096153846154 0.6850961538461539 0.1971153846153846 0.1875
2 0.43990384615384615 0.7692307692307693 0.36538461538461536 0.3233173076923077
0 0.8209134615384616 0.9194711538461539 0.057692307692307696 0.06850961538461539
1 0.2764423076923077 0.19591346153846154 0.18028846153846154 0.19951923076923078