1 0.08533653846153846 0.7151442307692307 0.17067307692307693 0.2091346153846154
1 0.44711538461538464 0.33653846153846156 0.15625 0.17668269230769232
1 0.8822115384615384 0.39302884615384615 0.19230769230769232 0.19831730769230768
1 0.32091346153846156 0.20673076923076922 0.19230769230769232 0.19831730769230768
1 0.7956730769230769 0.6213942307692307 0.1971153846153846 0.23076923076923078
1 0.8689903846153846 0.8269230769230769 0.15625 0.17908653846153846
1 0.7211538461538461 0.9206730769230769 0.18509615384615385 0.15384615384615385
1 0.46153846153846156 0.9507211538461539 0.19471153846153846 0.09375
1 0.24519230769230768 0.9579326923076923 0.18990384615384615 0.07932692307692307
1 0.12620192307692307 0.21514423076923078 0.16105769230769232 0.17067307692307693
2 0.40024038461538464 0.6694711538461539 0.2932692307692308 0.31009615384615385
1 0.2127403846153846 0.71875 0.15625 0.2127403846153846
1 0.2283653846153846 0.5516826923076923 0.15625 0.2127403846153846
1 0.6394230769230769 0.4338942307692308 0.16826923076923078 0.23076923076923078
1 0.5576923076923077 0.3137019230769231 0.17067307692307693 0.19831730769230768