1 0.4723557692307692 0.6033653846153846 0.23076923076923078 0.20673076923076922
1 0.4831730769230769 0.7956730769230769 0.27884615384615385 0.24158653846153846
1 0.6274038461538461 0.59375 0.23076923076923078 0.21634615384615385
1 0.8040865384615384 0.28725961538461536 0.21634615384615385 0.2127403846153846
1 0.7908653846153846 0.09735576923076923 0.21394230769230768 0.19110576923076922
1 0.2091346153846154 0.08173076923076923 0.21153846153846154 0.15985576923076922
1 0.4519230769230769 0.28846153846153844 0.23798076923076922 0.20192307692307693
1 0.19951923076923078 0.9026442307692307 0.19230769230769232 0.19110576923076922
1 0.6862980769230769 0.3786057692307692 0.21875 0.25841346153846156
1 0.7512019230769231 0.8834134615384616 0.22355769230769232 0.22956730769230768
1 0.9639423076923077 0.7295673076923077 0.0673076923076923 0.24759615384615385
1 0.8990384615384616 0.5144230769230769 0.1971153846153846 0.25
1 0.2704326923076923 0.5276442307692307 0.2403846153846154 0.24158653846153846
0 0.5408653846153846 0.9507211538461539 0.0985576923076923 0.09375
2 0.5649038461538461 0.1310096153846154 0.4375 0.25841346153846156