1 0.8257211538461539 0.3112980769230769 0.20673076923076922 0.24759615384615385
1 0.7956730769230769 0.10336538461538461 0.20673076923076922 0.20192307692307693
1 0.6129807692307693 0.08173076923076923 0.24759615384615385 0.15865384615384615
1 0.3737980769230769 0.12860576923076922 0.23317307692307693 0.23317307692307693
1 0.33653846153846156 0.4807692307692308 0.23317307692307693 0.24158653846153846
1 0.8353365384615384 0.6598557692307693 0.19471153846153846 0.2127403846153846
1 0.9507211538461539 0.7692307692307693 0.09375 0.23076923076923078
1 0.7379807692307693 0.8040865384615384 0.19471153846153846 0.22956730769230768
1 0.5516826923076923 0.7415865384615384 0.19471153846153846 0.20793269230769232
1 0.36538461538461536 0.7223557692307693 0.22596153846153846 0.21033653846153846
1 0.23798076923076922 0.8762019230769231 0.22596153846153846 0.21033653846153846
1 0.2403846153846154 0.234375 0.1971153846153846 0.21033653846153846
1 0.6875 0.9278846153846154 0.18269230769230768 0.13942307692307693
1 0.8894230769230769 0.9278846153846154 0.21634615384615385 0.13942307692307693
2 0.6009615384615384 0.375 0.47596153846153844 0.47475961538461536
0 0.20673076923076922 0.4879807692307692 0.13701923076923078 0.13942307692307693
0 0.12379807692307693 0.13221153846153846 0.09375 0.08533653846153846