2 0.21875 0.6838942307692307 0.38221153846153844 0.30649038461538464
0 0.8533653846153846 0.21033653846153846 0.07692307692307693 0.07451923076923077
0 0.8605769230769231 0.08413461538461539 0.11298076923076923 0.10216346153846154
0 0.13221153846153846 0.9350961538461539 0.07692307692307693 0.07451923076923077
1 0.8365384615384616 0.6658653846153846 0.25240384615384615 0.21875
1 0.44591346153846156 0.42427884615384615 0.25240384615384615 0.21875
1 0.5288461538461539 0.35697115384615385 0.25240384615384615 0.21875
1 0.6153846153846154 0.390625 0.25240384615384615 0.21875
1 0.6923076923076923 0.3798076923076923 0.25240384615384615 0.21875
1 0.7427884615384616 0.42788461538461536 0.25240384615384615 0.21875
1 0.7944711538461539 0.44471153846153844 0.25240384615384615 0.21875
1 0.8966346153846154 0.3942307692307692 0.20192307692307693 0.22115384615384615
1 0.40865384615384615 0.11057692307692307 0.25240384615384615 0.21634615384615385
1 0.5709134615384616 0.11057692307692307 0.25240384615384615 0.21634615384615385
1 0.6670673076923077 0.1658653846153846 0.25240384615384615 0.21875
1 0.09014423076923077 0.5144230769230769 0.18028846153846154 0.27403846153846156
1 0.5072115384615384 0.9134615384615384 0.2548076923076923 0.16826923076923078