1 0.8665865384615384 0.10216346153846154 0.25961538461538464 0.19951923076923078
1 0.5444711538461539 0.9158653846153846 0.24759615384615385 0.16466346153846154
1 0.06610576923076923 0.6141826923076923 0.13221153846153846 0.22355769230769232
1 0.9230769230769231 0.3088942307692308 0.14903846153846154 0.17548076923076922
1 0.6622596153846154 0.3798076923076923 0.25961538461538464 0.20192307692307693
1 0.7067307692307693 0.7764423076923077 0.25961538461538464 0.20192307692307693
1 0.4375 0.7463942307692307 0.2403846153846154 0.21514423076923078
1 0.25240384615384615 0.16826923076923078 0.25240384615384615 0.24639423076923078
1 0.1346153846153846 0.3317307692307692 0.18509615384615385 0.20192307692307693
0 0.6598557692307693 0.22355769230769232 0.07692307692307693 0.07692307692307693
2 0.21754807692307693 0.7391826923076923 0.43509615384615385 0.38221153846153844