1 0.27403846153846156 0.45913461538461536 0.27163461538461536 0.23918269230769232
1 0.703125 0.13701923076923078 0.24278846153846154 0.17668269230769232
1 0.7019230769230769 0.8942307692307693 0.24278846153846154 0.20432692307692307
1 0.7608173076923077 0.40625 0.24278846153846154 0.20432692307692307
1 0.2824519230769231 0.6418269230769231 0.24278846153846154 0.20432692307692307
1 0.8762019230769231 0.5961538461538461 0.23317307692307693 0.22956730769230768
1 0.4723557692307692 0.6418269230769231 0.24278846153846154 0.20432692307692307
1 0.05048076923076923 0.78125 0.10096153846153846 0.20673076923076922
1 0.1045673076923077 0.9170673076923077 0.2091346153846154 0.16105769230769232
1 0.9567307692307693 0.2776442307692308 0.08173076923076923 0.19471153846153846
2 0.5516826923076923 0.3798076923076923 0.2764423076923077 0.3016826923076923