1 0.20192307692307693 0.7475961538461539 0.19230769230769232 0.22115384615384615
1 0.06129807692307692 0.546875 0.11778846153846154 0.24759615384615385
1 0.31850961538461536 0.3473557692307692 0.19230769230769232 0.22115384615384615
1 0.22956730769230768 0.29086538461538464 0.1971153846153846 0.23918269230769232
1 0.2536057692307692 0.09375 0.1658653846153846 0.18389423076923078
1 0.39783653846153844 0.09375 0.1658653846153846 0.18389423076923078
1 0.8810096153846154 0.5300480769230769 0.18269230769230768 0.20192307692307693
1 0.8052884615384616 0.31971153846153844 0.18269230769230768 0.20192307692307693
1 0.6538461538461539 0.39663461538461536 0.18269230769230768 0.20192307692307693
1 0.4795673076923077 0.5973557692307693 0.21634615384615385 0.21514423076923078
1 0.37259615384615385 0.5492788461538461 0.20432692307692307 0.21514423076923078
1 0.3641826923076923 0.8004807692307693 0.17307692307692307 0.2692307692307692
1 0.578125 0.8245192307692307 0.125 0.24759615384615385
1 0.5540865384615384 0.15985576923076922 0.2403846153846154 0.3161057692307692
2 0.734375 0.7271634615384616 0.39663461538461536 0.4206730769230769