2 0.71875 0.4375 0.40865384615384615 0.3713942307692308
2 0.7307692307692307 0.13581730769230768 0.31490384615384615 0.2668269230769231
0 0.9350961538461539 0.25961538461538464 0.07932692307692307 0.09014423076923077
0 0.026442307692307692 0.7776442307692307 0.052884615384615384 0.09375
1 0.27283653846153844 0.5829326923076923 0.28125 0.2920673076923077
1 0.32211538461538464 0.25721153846153844 0.2283653846153846 0.2439903846153846
1 0.19951923076923078 0.1778846153846154 0.22596153846153846 0.2439903846153846
1 0.33653846153846156 0.07692307692307693 0.2403846153846154 0.1502403846153846
1 0.7331730769230769 0.8966346153846154 0.1778846153846154 0.20192307692307693
1 0.6971153846153846 0.8485576923076923 0.1778846153846154 0.23076923076923078
1 0.6622596153846154 0.8137019230769231 0.18028846153846154 0.23076923076923078
1 0.609375 0.7716346153846154 0.18028846153846154 0.23076923076923078
1 0.5516826923076923 0.7091346153846154 0.18028846153846154 0.23076923076923078
1 0.9567307692307693 0.2956730769230769 0.08173076923076923 0.23557692307692307
1 0.09375 0.8425480769230769 0.15384615384615385 0.21875
1 0.1658653846153846 0.8461538461538461 0.17548076923076922 0.21634615384615385
1 0.3798076923076923 0.8569711538461539 0.19951923076923078 0.21875
1 0.48677884615384615 0.28725961538461536 0.2403846153846154 0.24639423076923078