1 0.7992788461538461 0.546875 0.21634615384615385 0.21033653846153846
1 0.5216346153846154 0.7632211538461539 0.21634615384615385 0.21033653846153846
1 0.6802884615384616 0.7163461538461539 0.21153846153846154 0.15865384615384615
1 0.6706730769230769 0.47716346153846156 0.24519230769230768 0.2247596153846154
1 0.4951923076923077 0.6057692307692307 0.28365384615384615 0.22956730769230768
1 0.3918269230769231 0.14182692307692307 0.25 0.19110576923076922
1 0.29927884615384615 0.09014423076923077 0.22355769230769232 0.17668269230769232
1 0.3076923076923077 0.35697115384615385 0.29086538461538464 0.21875
1 0.10336538461538461 0.6298076923076923 0.20673076923076922 0.22115384615384615
1 0.7439903846153846 0.8245192307692307 0.3125 0.21875
1 0.35336538461538464 0.5432692307692307 0.22355769230769232 0.24759615384615385
2 0.7487980769230769 0.19471153846153846 0.49759615384615385 0.3894230769230769
0 0.5733173076923077 0.8473557692307693 0.07451923076923077 0.06610576923076923