2 0.6358173076923077 0.6213942307692307 0.4182692307692308 0.3545673076923077
1 0.8497596153846154 0.5432692307692307 0.1875 0.2536057692307692
1 0.39663461538461536 0.22355769230769232 0.2283653846153846 0.23918269230769232
1 0.23317307692307693 0.18870192307692307 0.2283653846153846 0.23918269230769232
1 0.34615384615384615 0.15504807692307693 0.2283653846153846 0.23918269230769232
1 0.7295673076923077 0.08653846153846154 0.25961538461538464 0.16826923076923078
1 0.8713942307692307 0.08774038461538461 0.25240384615384615 0.17067307692307693
1 0.8605769230769231 0.15264423076923078 0.25721153846153844 0.17067307692307693
1 0.2980769230769231 0.5901442307692307 0.2283653846153846 0.1935096153846154
1 0.15264423076923078 0.4951923076923077 0.2283653846153846 0.1935096153846154
1 0.45072115384615385 0.46274038461538464 0.29086538461538464 0.23798076923076922
1 0.03485576923076923 0.8016826923076923 0.06971153846153846 0.19951923076923078
1 0.9098557692307693 0.6069711538461539 0.12259615384615384 0.2776442307692308
1 0.5757211538461539 0.9026442307692307 0.3317307692307692 0.19110576923076922
1 0.6201923076923077 0.38822115384615385 0.19230769230769232 0.17668269230769232
1 0.7403846153846154 0.3125 0.23557692307692307 0.19110576923076922
1 0.36658653846153844 0.6262019230769231 0.2283653846153846 0.1935096153846154