1 0.6189903846153846 0.8810096153846154 0.22115384615384615 0.23317307692307693
1 0.44591346153846156 0.8473557692307693 0.2283653846153846 0.1935096153846154
1 0.3605769230769231 0.2439903846153846 0.23557692307692307 0.20793269230769232
1 0.17067307692307693 0.15985576923076922 0.24759615384615385 0.25
1 0.5084134615384616 0.65625 0.24519230769230768 0.19591346153846154
1 0.4362980769230769 0.09375 0.25240384615384615 0.18389423076923078
1 0.38822115384615385 0.4807692307692308 0.18028846153846154 0.21875
1 0.025240384615384616 0.11298076923076923 0.05048076923076923 0.22115384615384615
1 0.23918269230769232 0.41586538461538464 0.22355769230769232 0.22235576923076922
1 0.29086538461538464 0.6382211538461539 0.22115384615384615 0.20192307692307693
1 0.6274038461538461 0.21995192307692307 0.22115384615384615 0.22235576923076922
1 0.0889423076923077 0.38461538461538464 0.1778846153846154 0.21153846153846154
1 0.24158653846153846 0.828125 0.24759615384615385 0.17668269230769232
1 0.8629807692307693 0.3137019230769231 0.18028846153846154 0.22716346153846154
2 0.8317307692307693 0.6947115384615384 0.3317307692307692 0.44711538461538464
0 0.46274038461538464 0.4795673076923077 0.07692307692307693 0.08774038461538461