1 0.6935096153846154 0.31490384615384615 0.15865384615384615 0.21634615384615385
1 0.7668269230769231 0.10817307692307693 0.16105769230769232 0.20432692307692307
1 0.5084134615384616 0.09735576923076923 0.15625 0.19110576923076922
1 0.3173076923076923 0.1201923076923077 0.15625 0.1935096153846154
1 0.0673076923076923 0.3173076923076923 0.1346153846153846 0.1778846153846154
1 0.109375 0.7512019230769231 0.17548076923076922 0.19831730769230768
1 0.6310096153846154 0.6838942307692307 0.17548076923076922 0.19831730769230768
1 0.8557692307692307 0.8737980769230769 0.17548076923076922 0.19831730769230768
1 0.37740384615384615 0.36778846153846156 0.20673076923076922 0.20192307692307693
1 0.6310096153846154 0.8125 0.1658653846153846 0.17908653846153846
1 0.7199519230769231 0.5336538461538461 0.19951923076923078 0.2668269230769231
2 0.4170673076923077 0.6586538461538461 0.31490384615384615 0.3786057692307692