1 0.65625 0.6274038461538461 0.1971153846153846 0.22956730769230768
1 0.7307692307692307 0.4074519230769231 0.1658653846153846 0.18990384615384615
1 0.90625 0.09735576923076923 0.18269230769230768 0.18990384615384615
1 0.23076923076923078 0.16346153846153846 0.16826923076923078 0.1935096153846154
1 0.1778846153846154 0.7475961538461539 0.17067307692307693 0.19951923076923078
1 0.4387019230769231 0.8100961538461539 0.1875 0.20793269230769232
1 0.8786057692307693 0.5300480769230769 0.23317307692307693 0.22235576923076922
1 0.9326923076923077 0.3173076923076923 0.12980769230769232 0.19230769230769232
1 0.23557692307692307 0.5504807692307693 0.17067307692307693 0.19951923076923078
1 0.3737980769230769 0.15745192307692307 0.1875 0.20192307692307693
2 0.5384615384615384 0.3425480769230769 0.3701923076923077 0.4483173076923077