1 0.7524038461538461 0.2776442307692308 0.1658653846153846 0.28365384615384615
1 0.7836538461538461 0.6466346153846154 0.25 0.20673076923076922
1 0.9170673076923077 0.5276442307692307 0.16105769230769232 0.2091346153846154
1 0.49038461538461536 0.2620192307692308 0.22596153846153846 0.20793269230769232
1 0.4230769230769231 0.09375 0.21634615384615385 0.18389423076923078
1 0.16947115384615385 0.40024038461538464 0.22596153846153846 0.19591346153846154
1 0.4423076923076923 0.5300480769230769 0.24759615384615385 0.19831730769230768
1 0.5853365384615384 0.7848557692307693 0.23557692307692307 0.23317307692307693
1 0.3545673076923077 0.9278846153846154 0.22596153846153846 0.13942307692307693
1 0.43509615384615385 0.8088942307692307 0.21394230769230768 0.19831730769230768
1 0.3605769230769231 0.5949519230769231 0.20432692307692307 0.2439903846153846
1 0.057692307692307696 0.3401442307692308 0.11538461538461539 0.19471153846153846
1 0.9675480769230769 0.8305288461538461 0.06009615384615385 0.22355769230769232
1 0.90625 0.8990384615384616 0.18269230769230768 0.1971153846153846
1 0.7884615384615384 0.9146634615384616 0.18990384615384615 0.16706730769230768
0 0.9350961538461539 0.3786057692307692 0.04326923076923077 0.0733173076923077
0 0.3449519230769231 0.43990384615384615 0.0889423076923077 0.0625
2 0.23317307692307693 0.16826923076923078 0.46634615384615385 0.33653846153846156