2 0.41225961538461536 0.09735576923076923 0.22596153846153846 0.18990384615384615
0 0.8858173076923077 0.5396634615384616 0.08413461538461539 0.09134615384615384
1 0.36778846153846156 0.4182692307692308 0.21153846153846154 0.24158653846153846
1 0.53125 0.37740384615384615 0.18028846153846154 0.21634615384615385
1 0.5420673076923077 0.16826923076923078 0.18028846153846154 0.21634615384615385
1 0.6911057692307693 0.7211538461538461 0.18028846153846154 0.21634615384615385
1 0.8112980769230769 0.7608173076923077 0.18028846153846154 0.21634615384615385
1 0.6622596153846154 0.90625 0.17067307692307693 0.18389423076923078
1 0.5733173076923077 0.9338942307692307 0.15625 0.12860576923076922
1 0.9038461538461539 0.9338942307692307 0.17548076923076922 0.12860576923076922
1 0.12259615384615384 0.2824519230769231 0.13942307692307693 0.18990384615384615
1 0.1875 0.32211538461538464 0.13942307692307693 0.18990384615384615
1 0.20793269230769232 0.453125 0.13942307692307693 0.18990384615384615
1 0.15144230769230768 0.4879807692307692 0.13942307692307693 0.18990384615384615
1 0.1201923076923077 0.5300480769230769 0.13942307692307693 0.18990384615384615
1 0.08533653846153846 0.6021634615384616 0.17067307692307693 0.2091346153846154
1 0.12379807692307693 0.9134615384615384 0.22355769230769232 0.16826923076923078
1 0.7584134615384616 0.14783653846153846 0.17067307692307693 0.20432692307692307
1 0.9338942307692307 0.2848557692307692 0.12740384615384615 0.22355769230769232
1 0.9146634615384616 0.09735576923076923 0.1658653846153846 0.18990384615384615
1 0.5721153846153846 0.6947115384615384 0.18269230769230768 0.20673076923076922
1 0.4074519230769231 0.7067307692307693 0.12259615384615384 0.1814903846153846
1 0.4110576923076923 0.8173076923076923 0.12259615384615384 0.1814903846153846
1 0.484375 0.9026442307692307 0.17548076923076922 0.19110576923076922