1 0.30408653846153844 0.7668269230769231 0.15384615384615385 0.2668269230769231
1 0.10817307692307693 0.4987980769230769 0.16105769230769232 0.21875
1 0.19110576923076922 0.9074519230769231 0.17067307692307693 0.1814903846153846
1 0.6983173076923077 0.5276442307692307 0.17307692307692307 0.19951923076923078
1 0.6045673076923077 0.15625 0.17548076923076922 0.23798076923076922
1 0.375 0.1502403846153846 0.16346153846153846 0.19110576923076922
1 0.7019230769230769 0.33774038461538464 0.17307692307692307 0.19951923076923078
1 0.75 0.12259615384615384 0.1778846153846154 0.24158653846153846
1 0.5240384615384616 0.6814903846153846 0.1778846153846154 0.15384615384615385
1 0.5913461538461539 0.8786057692307693 0.10336538461538461 0.23798076923076922
1 0.13341346153846154 0.7391826923076923 0.1466346153846154 0.1875
1 0.2127403846153846 0.16826923076923078 0.15144230769230768 0.20432692307692307
1 0.9254807692307693 0.38822115384615385 0.14423076923076922 0.21875
2 0.5120192307692307 0.4026442307692308 0.34615384615384615 0.43990384615384615