1 0.3173076923076923 0.6911057692307693 0.24278846153846154 0.20793269230769232
1 0.3173076923076923 0.5588942307692307 0.20432692307692307 0.19951923076923078
1 0.765625 0.6442307692307693 0.21875 0.2127403846153846
1 0.671875 0.18028846153846154 0.18269230769230768 0.20673076923076922
1 0.6225961538461539 0.1045673076923077 0.1658653846153846 0.20432692307692307
1 0.8810096153846154 0.40384615384615385 0.19230769230769232 0.24158653846153846
1 0.4050480769230769 0.2692307692307692 0.19230769230769232 0.24158653846153846
1 0.11298076923076923 0.6622596153846154 0.1778846153846154 0.24639423076923078
1 0.13822115384615385 0.3954326923076923 0.1778846153846154 0.23798076923076922
1 0.33052884615384615 0.33774038461538464 0.1778846153846154 0.23798076923076922
1 0.5420673076923077 0.7560096153846154 0.1778846153846154 0.23798076923076922
1 0.5192307692307693 0.5108173076923077 0.21153846153846154 0.2536057692307692
2 0.3894230769230769 0.8882211538461539 0.5024038461538461 0.21875
1 0.8100961538461539 0.8966346153846154 0.1658653846153846 0.20192307692307693
1 0.75 0.7608173076923077 0.1658653846153846 0.20432692307692307
1 0.11057692307692307 0.11177884615384616 0.1971153846153846 0.21875