1 0.20192307692307693 0.8401442307692307 0.23557692307692307 0.20432692307692307
1 0.18990384615384615 0.6298076923076923 0.27163461538461536 0.28966346153846156
1 0.13822115384615385 0.45913461538461536 0.23317307692307693 0.1935096153846154
1 0.2644230769230769 0.4855769230769231 0.13942307692307693 0.2704326923076923
1 0.028846153846153848 0.0829326923076923 0.057692307692307696 0.1658653846153846
1 0.39783653846153844 0.21153846153846154 0.21153846153846154 0.23076923076923078
1 0.5480769230769231 0.1201923076923077 0.1778846153846154 0.17668269230769232
1 0.28966346153846156 0.3076923076923077 0.22355769230769232 0.1814903846153846
1 0.41586538461538464 0.5649038461538461 0.24519230769230768 0.18389423076923078
1 0.4266826923076923 0.78125 0.23557692307692307 0.23798076923076922
1 0.5396634615384616 0.7848557692307693 0.23557692307692307 0.23798076923076922
1 0.7283653846153846 0.7596153846153846 0.23557692307692307 0.2644230769230769
1 0.1201923076923077 0.2247596153846154 0.15865384615384615 0.27524038461538464
1 0.06129807692307692 0.27884615384615385 0.12259615384615384 0.19230769230769232
1 0.16346153846153846 0.12139423076923077 0.19951923076923078 0.22956730769230768
1 0.9122596153846154 0.49158653846153844 0.17067307692307693 0.29086538461538464
1 0.9086538461538461 0.9375 0.1778846153846154 0.125
0 0.8341346153846154 0.7704326923076923 0.08173076923076923 0.09615384615384616
2 0.6514423076923077 0.47596153846153844 0.46875 0.4182692307692308