1 0.9230769230769231 0.4387019230769231 0.14182692307692307 0.19831730769230768
1 0.5348557692307693 0.5492788461538461 0.17548076923076922 0.2644230769230769
1 0.18389423076923078 0.38822115384615385 0.17548076923076922 0.2644230769230769
1 0.23677884615384615 0.7884615384615384 0.1875 0.2608173076923077
1 0.3317307692307692 0.42788461538461536 0.16346153846153846 0.21033653846153846
1 0.34615384615384615 0.15985576923076922 0.16346153846153846 0.21033653846153846
1 0.9098557692307693 0.7536057692307693 0.1466346153846154 0.20793269230769232
1 0.08052884615384616 0.2536057692307692 0.125 0.21033653846153846
2 0.6742788461538461 0.3137019230769231 0.28846153846153844 0.2439903846153846
0 0.5372596153846154 0.7956730769230769 0.0673076923076923 0.07451923076923077
0 0.2247596153846154 0.5685096153846154 0.0673076923076923 0.07451923076923077