1 0.14903846153846154 0.4675480769230769 0.24519230769230768 0.22235576923076922
1 0.3605769230769231 0.3942307692307692 0.15384615384615385 0.17668269230769232
1 0.25841346153846156 0.19591346153846154 0.18269230769230768 0.17908653846153846
1 0.5721153846153846 0.59375 0.18509615384615385 0.1875
1 0.3329326923076923 0.9050480769230769 0.18509615384615385 0.18509615384615385
1 0.6490384615384616 0.8125 0.18509615384615385 0.1875
1 0.5408653846153846 0.24759615384615385 0.18509615384615385 0.1875
1 0.09375 0.2644230769230769 0.1875 0.19230769230769232
1 0.0829326923076923 0.078125 0.1658653846153846 0.15625
1 0.9230769230769231 0.4411057692307692 0.15144230769230768 0.16706730769230768
2 0.8605769230769231 0.6129807692307693 0.25961538461538464 0.23798076923076922