2 0.5132211538461539 0.16826923076923078 0.2932692307692308 0.3317307692307692
1 0.41947115384615385 0.4675480769230769 0.15384615384615385 0.19831730769230768
1 0.6069711538461539 0.7091346153846154 0.17067307692307693 0.21033653846153846
1 0.41466346153846156 0.7463942307692307 0.17067307692307693 0.21033653846153846
1 0.0985576923076923 0.7139423076923077 0.1778846153846154 0.25600961538461536
1 0.296875 0.3737980769230769 0.1778846153846154 0.25600961538461536
1 0.051682692307692304 0.3293269230769231 0.10336538461538461 0.25
1 0.06610576923076923 0.47596153846153844 0.13221153846153846 0.18269230769230768
1 0.21033653846153846 0.5973557692307693 0.13701923076923078 0.1814903846153846
1 0.32211538461538464 0.9254807692307693 0.1971153846153846 0.14543269230769232
1 0.3449519230769231 0.5661057692307693 0.17067307692307693 0.21033653846153846
1 0.23557692307692307 0.07211538461538461 0.16826923076923078 0.13942307692307693
1 0.33413461538461536 0.06370192307692307 0.13221153846153846 0.12259615384615384
1 0.6838942307692307 0.45072115384615385 0.17307692307692307 0.20673076923076922
1 0.7367788461538461 0.4807692307692308 0.10576923076923077 0.1502403846153846
1 0.9278846153846154 0.48677884615384615 0.13942307692307693 0.21875
1 0.90625 0.5829326923076923 0.14423076923076922 0.21634615384615385
1 0.9399038461538461 0.875 0.11538461538461539 0.24519230769230768
1 0.9050480769230769 0.11057692307692307 0.14423076923076922 0.21634615384615385
1 0.7992788461538461 0.25841346153846156 0.20192307692307693 0.27524038461538464
1 0.6778846153846154 0.2668269230769231 0.19471153846153846 0.22115384615384615
1 0.5324519230769231 0.8100961538461539 0.20432692307692307 0.2536057692307692