1 0.10216346153846154 0.7740384615384616 0.13221153846153846 0.22716346153846154
1 0.4543269230769231 0.9290865384615384 0.23557692307692307 0.13701923076923078
1 0.35216346153846156 0.9362980769230769 0.18990384615384615 0.12259615384615384
1 0.9086538461538461 0.8425480769230769 0.16105769230769232 0.18509615384615385
1 0.5889423076923077 0.7127403846153846 0.20192307692307693 0.1875
1 0.8461538461538461 0.1875 0.19951923076923078 0.22115384615384615
1 0.15625 0.3858173076923077 0.15384615384615385 0.1875
1 0.28725961538461536 0.6225961538461539 0.15384615384615385 0.1875
1 0.15144230769230768 0.5516826923076923 0.2091346153846154 0.23317307692307693
1 0.8004807692307693 0.6826923076923077 0.19230769230769232 0.14423076923076922
1 0.9266826923076923 0.6346153846153846 0.14182692307692307 0.1875
2 0.6274038461538461 0.34975961538461536 0.4831730769230769 0.5252403846153846