1 0.7115384615384616 0.8449519230769231 0.1971153846153846 0.1935096153846154
1 0.2692307692307692 0.9026442307692307 0.19951923076923078 0.19110576923076922
1 0.18870192307692307 0.78125 0.23076923076923078 0.19591346153846154
1 0.20673076923076922 0.5733173076923077 0.20432692307692307 0.19110576923076922
1 0.3076923076923077 0.3629807692307692 0.2091346153846154 0.20192307692307693
1 0.3737980769230769 0.5252403846153846 0.18028846153846154 0.20793269230769232
1 0.7860576923076923 0.3161057692307692 0.22355769230769232 0.19831730769230768
1 0.53125 0.27283653846153844 0.23557692307692307 0.23798076923076922
1 0.9182692307692307 0.140625 0.15865384615384615 0.23317307692307693
1 0.7355769230769231 0.11658653846153846 0.25240384615384615 0.22956730769230768
1 0.8569711538461539 0.4723557692307692 0.22355769230769232 0.19831730769230768
1 0.8918269230769231 0.5528846153846154 0.21153846153846154 0.20192307692307693
1 0.6009615384615384 0.4543269230769231 0.23076923076923078 0.21634615384615385
1 0.26802884615384615 0.1622596153846154 0.23557692307692307 0.23798076923076922
1 0.11778846153846154 0.4182692307692308 0.21394230769230768 0.22235576923076922
1 0.04326923076923077 0.8882211538461539 0.08653846153846154 0.22355769230769232
1 0.06009615384615385 0.6286057692307693 0.1201923076923077 0.21394230769230768
1 0.5733173076923077 0.0829326923076923 0.2091346153846154 0.1622596153846154
2 0.5072115384615384 0.7680288461538461 0.44471153846153844 0.43990384615384615