1 0.28725961538461536 0.27403846153846156 0.21394230769230768 0.21033653846153846
1 0.15985576923076922 0.49759615384615385 0.25721153846153844 0.28365384615384615
1 0.35697115384615385 0.5504807692307693 0.2283653846153846 0.21634615384615385
1 0.9134615384615384 0.3329326923076923 0.16826923076923078 0.19951923076923078
1 0.7572115384615384 0.16826923076923078 0.2620192307692308 0.20793269230769232
1 0.7259615384615384 0.7139423076923077 0.19230769230769232 0.16466346153846154
1 0.5240384615384616 0.24759615384615385 0.2283653846153846 0.22956730769230768
1 0.9122596153846154 0.2283653846153846 0.17067307692307693 0.20192307692307693
1 0.5709134615384616 0.7572115384615384 0.18990384615384615 0.17668269230769232
1 0.6466346153846154 0.4254807692307692 0.2091346153846154 0.16826923076923078
1 0.7872596153846154 0.47596153846153844 0.20673076923076922 0.19831730769230768
1 0.6622596153846154 0.5 0.19471153846153846 0.15865384615384615
1 0.14543269230769232 0.7019230769230769 0 0
2 0.2980769230769231 0.8401442307692307 0.5552884615384616 0.3161057692307692