1 0.7716346153846154 0.8665865384615384 0.21153846153846154 0.19951923076923078
1 0.9122596153846154 0.8557692307692307 0.17067307692307693 0.20192307692307693
1 0.7067307692307693 0.5997596153846154 0.21153846153846154 0.19951923076923078
1 0.33653846153846156 0.1971153846153846 0.2283653846153846 0.21875
1 0.28125 0.40024038461538464 0.2403846153846154 0.2536057692307692
1 0.36778846153846156 0.7752403846153846 0.19230769230769232 0.20793269230769232
1 0.6802884615384616 0.1622596153846154 0.2403846153846154 0.2536057692307692
1 0.5588942307692307 0.07091346153846154 0.20673076923076922 0.13701923076923078
1 0.8774038461538461 0.4579326923076923 0.2403846153846154 0.16706730769230768
1 0.20072115384615385 0.8112980769230769 0.23557692307692307 0.2644230769230769
1 0.546875 0.9134615384615384 0.18028846153846154 0.16826923076923078
1 0.24639423076923078 0.234375 0.23798076923076922 0.18990384615384615
1 0.5276442307692307 0.21394230769230768 0.21634615384615385 0.23557692307692307
2 0.47836538461538464 0.6045673076923077 0.4110576923076923 0.4375