1 0.23798076923076922 0.6706730769230769 0.17548076923076922 0.19591346153846154
1 0.4050480769230769 0.6526442307692307 0.16105769230769232 0.18990384615384615
1 0.3137019230769231 0.14302884615384615 0.16105769230769232 0.18990384615384615
1 0.8401442307692307 0.8449519230769231 0.19230769230769232 0.2608173076923077
1 0.46634615384615385 0.8834134615384616 0.23557692307692307 0.22956730769230768
1 0.6466346153846154 0.47836538461538464 0.1778846153846154 0.1935096153846154
1 0.5913461538461539 0.26322115384615385 0.12740384615384615 0.17307692307692307
1 0.43509615384615385 0.18870192307692307 0.15865384615384615 0.16466346153846154
1 0.12259615384615384 0.2091346153846154 0.18990384615384615 0.23557692307692307
1 0.5396634615384616 0.6838942307692307 0.17548076923076922 0.22115384615384615
1 0.25721153846153844 0.8473557692307693 0.16105769230769232 0.23076923076923078
2 0.4675480769230769 0.38461538461538464 0.21634615384615385 0.24759615384615385