1 0.4206730769230769 0.6237980769230769 0.19831730769230768 0.23076923076923078
1 0.2127403846153846 0.4795673076923077 0.15504807692307693 0.20432692307692307
1 0.078125 0.8990384615384616 0.1502403846153846 0.19831730769230768
1 0.14543269230769232 0.6947115384615384 0.1935096153846154 0.20192307692307693
1 0.5192307692307693 0.37259615384615385 0.1502403846153846 0.17908653846153846
1 0.47475961538461536 0.24639423076923078 0.1622596153846154 0.23317307692307693
1 0.4519230769230769 0.1310096153846154 0.1622596153846154 0.23317307692307693
1 0.7019230769230769 0.4411057692307692 0.18389423076923078 0.17668269230769232
1 0.8497596153846154 0.07572115384615384 0.1778846153846154 0.14783653846153846
1 0.7800480769230769 0.24879807692307693 0.21995192307692307 0.24759615384615385
1 0.6141826923076923 0.11298076923076923 0.1658653846153846 0.22235576923076922
1 0.8954326923076923 0.8966346153846154 0.1875 0.20192307692307693
1 0.3088942307692308 0.18028846153846154 0.16105769230769232 0.21875
1 0.5600961538461539 0.8677884615384616 0.16105769230769232 0.21875
1 0.1310096153846154 0.3245192307692308 0.16105769230769232 0.21875
0 0.42788461538461536 0.8533653846153846 0.06370192307692307 0.09735576923076923
0 0.027644230769230768 0.7932692307692307 0.051682692307692304 0.09975961538461539
2 0.7259615384615384 0.6911057692307693 0.3112980769230769 0.34975961538461536