1 0.3713942307692308 0.19951923076923078 0.17067307692307693 0.23317307692307693
1 0.18629807692307693 0.4411057692307692 0.17067307692307693 0.23317307692307693
1 0.18990384615384615 0.6911057692307693 0.2091346153846154 0.2247596153846154
1 0.07211538461538461 0.8617788461538461 0.14423076923076922 0.2091346153846154
1 0.25 0.8858173076923077 0.18269230769230768 0.2247596153846154
1 0.08052884615384616 0.31490384615384615 0.13701923076923078 0.2247596153846154
1 0.23076923076923078 0.09375 0.15865384615384615 0.18389423076923078
1 0.4795673076923077 0.8293269230769231 0.12740384615384615 0.22956730769230768
1 0.5504807692307693 0.828125 0.20432692307692307 0.18990384615384615
1 0.7391826923076923 0.8329326923076923 0.1778846153846154 0.22956730769230768
1 0.3545673076923077 0.38341346153846156 0.15384615384615385 0.17067307692307693
1 0.6670673076923077 0.15264423076923078 0.17067307692307693 0.1935096153846154
1 0.8557692307692307 0.515625 0.17067307692307693 0.1935096153846154
1 0.7920673076923077 0.1346153846153846 0.1658653846153846 0.22716346153846154
1 0.8882211538461539 0.3161057692307692 0.19230769230769232 0.23918269230769232
2 0.6237980769230769 0.5360576923076923 0.41586538461538464 0.49759615384615385