1 0.5276442307692307 0.7307692307692307 0.28365384615384615 0.22235576923076922
1 0.3269230769230769 0.8774038461538461 0.18990384615384615 0.2127403846153846
1 0.08413461538461539 0.8485576923076923 0.16826923076923078 0.22115384615384615
1 0.24639423076923078 0.7487980769230769 0.21875 0.21875
1 0.29086538461538464 0.5432692307692307 0.21875 0.21875
1 0.5348557692307693 0.203125 0.24519230769230768 0.22235576923076922
1 0.6670673076923077 0.35336538461538464 0.24519230769230768 0.25600961538461536
1 0.3641826923076923 0.3918269230769231 0.23798076923076922 0.22956730769230768
1 0.7560096153846154 0.1141826923076923 0.25240384615384615 0.2247596153846154
1 0.9014423076923077 0.11538461538461539 0.19230769230769232 0.13942307692307693
1 0.1778846153846154 0.22235576923076922 0.2283653846153846 0.17307692307692307
1 0.12740384615384615 0.3449519230769231 0.19951923076923078 0.20673076923076922
1 0.2848557692307692 0.07091346153846154 0.19951923076923078 0.13701923076923078
1 0.4831730769230769 0.07091346153846154 0.19951923076923078 0.13701923076923078
2 0.8161057692307693 0.5516826923076923 0.3629807692307692 0.4254807692307692
0 0.6418269230769231 0.7127403846153846 0.09134615384615384 0.09134615384615384