1 0.27163461538461536 0.18389423076923078 0.2283653846153846 0.25
1 0.4735576923076923 0.23798076923076922 0.2980769230769231 0.21033653846153846
1 0.08653846153846154 0.7872596153846154 0.17307692307692307 0.2283653846153846
1 0.49158653846153844 0.8004807692307693 0.24519230769230768 0.2247596153846154
1 0.3449519230769231 0.7019230769230769 0.24759615384615385 0.25
1 0.90625 0.4891826923076923 0.18269230769230768 0.2091346153846154
1 0.20072115384615385 0.5288461538461539 0.21394230769230768 0.21634615384615385
1 0.21634615384615385 0.6117788461538461 0.17548076923076922 0.17668269230769232
1 0.39663461538461536 0.46634615384615385 0.23798076923076922 0.1875
1 0.17427884615384615 0.875 0.18509615384615385 0.19110576923076922
1 0.7896634615384616 0.7463942307692307 0.23798076923076922 0.20192307692307693
1 0.06009615384615385 0.5829326923076923 0.1201923076923077 0.24759615384615385
1 0.7836538461538461 0.5661057692307693 0.12740384615384615 0.13341346153846154
2 0.6598557692307693 0.3473557692307692 0.5336538461538461 0.5108173076923077