1 0.7019230769230769 0.2692307692307692 0.21634615384615385 0.27283653846153844
1 0.7403846153846154 0.6598557692307693 0.21153846153846154 0.20793269230769232
1 0.24158653846153846 0.46274038461538464 0.1971153846153846 0.19951923076923078
1 0.5408653846153846 0.49759615384615385 0.18028846153846154 0.1875
1 0.6514423076923077 0.07451923076923077 0.21634615384615385 0.14543269230769232
1 0.24158653846153846 0.22355769230769232 0.17307692307692307 0.21033653846153846
1 0.9278846153846154 0.15625 0.13942307692307693 0.22115384615384615
1 0.8461538461538461 0.33533653846153844 0.16826923076923078 0.2536057692307692
1 0.8605769230769231 0.9266826923076923 0.15865384615384615 0.14182692307692307
1 0.3737980769230769 0.11057692307692307 0.15144230769230768 0.20793269230769232
0 0.14182692307692307 0.890625 0.08413461538461539 0.09014423076923077
2 0.5 0.7776442307692307 0.43028846153846156 0.4411057692307692