2 0.4855769230769231 0.5877403846153846 0.3076923076923077 0.2956730769230769
1 0.7163461538461539 0.3894230769230769 0.21634615384615385 0.19591346153846154
1 0.671875 0.8004807692307693 0.25721153846153844 0.21033653846153846
1 0.953125 0.3942307692307692 0.0889423076923077 0.22115384615384615
1 0.9014423076923077 0.28966346153846156 0.19230769230769232 0.2091346153846154
1 0.9146634615384616 0.13581730769230768 0.1658653846153846 0.2091346153846154
1 0.5721153846153846 0.09735576923076923 0.15144230769230768 0.19110576923076922
1 0.5276442307692307 0.2620192307692308 0.2692307692307692 0.19831730769230768
1 0.6346153846153846 0.2776442307692308 0.27403846153846156 0.23918269230769232
1 0.4206730769230769 0.8942307692307693 0.25721153846153844 0.20673076923076922
1 0.28846153846153844 0.7247596153846154 0.19471153846153846 0.1875
1 0.2980769230769231 0.5420673076923077 0.19471153846153846 0.1875
1 0.08533653846153846 0.9206730769230769 0.17067307692307693 0.15384615384615385
1 0.3798076923076923 0.10697115384615384 0.2644230769230769 0.21033653846153846
0 0.26802884615384615 0.8509615384615384 0.09375 0.08173076923076923
0 0.5084134615384616 0.7487980769230769 0.09375 0.08173076923076923
1 0.04927884615384615 0.7163461538461539 0.0985576923076923 0.23076923076923078
1 0.09134615384615384 0.38341346153846156 0.12980769230769232 0.22115384615384615
1 0.19831730769230768 0.25600961538461536 0.19951923076923078 0.22115384615384615