1 0.44591346153846156 0.9014423076923077 0.17548076923076922 0.1935096153846154
1 0.15865384615384615 0.8401442307692307 0.20432692307692307 0.19951923076923078
1 0.042067307692307696 0.7908653846153846 0.08413461538461539 0.20192307692307693
1 0.14783653846153846 0.6538461538461539 0.20432692307692307 0.19951923076923078
1 0.25240384615384615 0.08653846153846154 0.2091346153846154 0.16826923076923078
1 0.4651442307692308 0.109375 0.2403846153846154 0.21514423076923078
1 0.6442307692307693 0.1141826923076923 0.19951923076923078 0.2247596153846154
1 0.9651442307692307 0.0673076923076923 0.06490384615384616 0.12980769230769232
1 0.9242788461538461 0.3161057692307692 0.1466346153846154 0.21875
1 0.7944711538461539 0.8677884615384616 0.21634615384615385 0.21875
1 0.5793269230769231 0.6838942307692307 0.25721153846153844 0.23076923076923078
1 0.5564903846153846 0.5012019230769231 0.25721153846153844 0.23076923076923078
1 0.16105769230769232 0.421875 0.22355769230769232 0.18990384615384615
1 0.3557692307692308 0.6129807692307693 0.25240384615384615 0.22956730769230768
2 0.75 0.2776442307692308 0.4423076923076923 0.40384615384615385