1 0.8701923076923077 0.3713942307692308 0.1658653846153846 0.24759615384615385
1 0.8149038461538461 0.7596153846153846 0.1658653846153846 0.24759615384615385
1 0.7091346153846154 0.3245192307692308 0.1658653846153846 0.24759615384615385
1 0.23557692307692307 0.23076923076923078 0.1875 0.2439903846153846
1 0.5985576923076923 0.5889423076923077 0.1778846153846154 0.23076923076923078
1 0.5685096153846154 0.7848557692307693 0.18269230769230768 0.18389423076923078
1 0.10336538461538461 0.4074519230769231 0.16826923076923078 0.1935096153846154
1 0.6009615384615384 0.10817307692307693 0.19471153846153846 0.2127403846153846
1 0.75 0.09014423076923077 0.17067307692307693 0.17668269230769232
1 0.375 0.6322115384615384 0.21634615384615385 0.19831730769230768
1 0.42427884615384615 0.9110576923076923 0.18509615384615385 0.17307692307692307
2 0.4495192307692308 0.3473557692307692 0.3918269230769231 0.4254807692307692
0 0.11538461538461539 0.265625 0.055288461538461536 0.08173076923076923