2 0.7115384615384616 0.2860576923076923 0.25240384615384615 0.25240384615384615
1 0.5024038461538461 0.6802884615384616 0.21875 0.21875
1 0.53125 0.24639423076923078 0.21875 0.21875
1 0.3425480769230769 0.6213942307692307 0.1778846153846154 0.19591346153846154
1 0.16105769230769232 0.7127403846153846 0.1778846153846154 0.19591346153846154
1 0.21033653846153846 0.7475961538461539 0.1778846153846154 0.19591346153846154
1 0.2848557692307692 0.8737980769230769 0.24759615384615385 0.22716346153846154
1 0.5985576923076923 0.5516826923076923 0.19230769230769232 0.18389423076923078
1 0.6875 0.7920673076923077 0.2548076923076923 0.23798076923076922
1 0.9158653846153846 0.0985576923076923 0.16346153846153846 0.19230769230769232
1 0.7536057692307693 0.11658653846153846 0.1971153846153846 0.16706730769230768
1 0.3870192307692308 0.09375 0.21875 0.18389423076923078
1 0.13942307692307693 0.3762019230769231 0.21875 0.18509615384615385
1 0.10576923076923077 0.5048076923076923 0.21153846153846154 0.1875
1 0.06850961538461539 0.6201923076923077 0.13701923076923078 0.20673076923076922
1 0.25240384615384615 0.3112980769230769 0.18509615384615385 0.20192307692307693
1 0.3545673076923077 0.23677884615384615 0.18509615384615385 0.20192307692307693
1 0.3004807692307692 0.3798076923076923 0.18509615384615385 0.20192307692307693
1 0.2860576923076923 0.4338942307692308 0.20673076923076922 0.20793269230769232
1 0.3245192307692308 0.4375 0.20673076923076922 0.20793269230769232
1 0.3762019230769231 0.4831730769230769 0.20673076923076922 0.20793269230769232
1 0.7980769230769231 0.6045673076923077 0.24278846153846154 0.21634615384615385
1 0.10336538461538461 0.9230769230769231 0.20673076923076922 0.14903846153846154
1 0.828125 0.8798076923076923 0.17548076923076922 0.23557692307692307
0 0.8737980769230769 0.2668269230769231 0.07451923076923077 0.09615384615384616