1 0.8822115384615384 0.4495192307692308 0.23076923076923078 0.20192307692307693
1 0.9603365384615384 0.17548076923076922 0.07451923076923077 0.20673076923076922
1 0.7463942307692307 0.8377403846153846 0.24278846153846154 0.20793269230769232
1 0.6418269230769231 0.7668269230769231 0.24278846153846154 0.20793269230769232
1 0.6153846153846154 0.6262019230769231 0.24759615384615385 0.25240384615384615
1 0.4170673076923077 0.8197115384615384 0.2091346153846154 0.19831730769230768
1 0.2956730769230769 0.7019230769230769 0.22115384615384615 0.1875
1 0.49158653846153844 0.23557692307692307 0.2644230769230769 0.22956730769230768
1 0.78125 0.10576923076923077 0.27884615384615385 0.20793269230769232
1 0.7175480769230769 0.32572115384615385 0.23557692307692307 0.1935096153846154
1 0.6514423076923077 0.39783653846153844 0.19471153846153846 0.1622596153846154
1 0.43509615384615385 0.08052884615384616 0.32211538461538464 0.15625
1 0.09975961538461539 0.5432692307692307 0.19951923076923078 0.16826923076923078
1 0.2608173076923077 0.3401442307692308 0.1778846153846154 0.17307692307692307
1 0.19951923076923078 0.3076923076923077 0.20432692307692307 0.22235576923076922
2 0.09975961538461539 0.796875 0.19951923076923078 0.3870192307692308
0 0.27884615384615385 0.5552884615384616 0.14903846153846154 0.15264423076923078
0 0.9399038461538461 0.28125 0.09615384615384616 0.09134615384615384
0 0.9387019230769231 0.09254807692307693 0.11298076923076923 0.08173076923076923