1 0.1814903846153846 0.6622596153846154 0.18028846153846154 0.19591346153846154
1 0.14543269230769232 0.8064903846153846 0.18028846153846154 0.19591346153846154
1 0.5096153846153846 0.8834134615384616 0.18990384615384615 0.22956730769230768
1 0.43509615384615385 0.7800480769230769 0.1875 0.23076923076923078
1 0.6875 0.47115384615384615 0.15625 0.22115384615384615
1 0.6598557692307693 0.2403846153846154 0.19951923076923078 0.2644230769230769
1 0.8557692307692307 0.38221153846153844 0.19230769230769232 0.21875
1 0.08052884615384616 0.4651442307692308 0.16105769230769232 0.21875
1 0.8004807692307693 0.7355769230769231 0.20673076923076922 0.20793269230769232
1 0.19831730769230768 0.22235576923076922 0.2091346153846154 0.20793269230769232
1 0.41586538461538464 0.10817307692307693 0.2091346153846154 0.20793269230769232
1 0.8557692307692307 0.14423076923076922 0.17548076923076922 0.18389423076923078
1 0.9627403846153846 0.15865384615384615 0.06971153846153846 0.1875
1 0.5060096153846154 0.6081730769230769 0.20432692307692307 0.18389423076923078
1 0.9411057692307693 0.3918269230769231 0.11298076923076923 0.21153846153846154
1 0.7584134615384616 0.5697115384615384 0.14903846153846154 0.18990384615384615
2 0.38461538461538464 0.39302884615384615 0.5552884615384616 0.40625