2 0.6442307692307693 0.2608173076923077 0.28365384615384615 0.2920673076923077
1 0.6574519230769231 0.5480769230769231 0.19951923076923078 0.25841346153846156
1 0.8545673076923077 0.8100961538461539 0.19471153846153846 0.25841346153846156
1 0.7439903846153846 0.6682692307692307 0.19951923076923078 0.23317307692307693
1 0.8461538461538461 0.5336538461538461 0.19951923076923078 0.23317307692307693
1 0.8100961538461539 0.3954326923076923 0.19951923076923078 0.23317307692307693
1 0.8990384615384616 0.34134615384615385 0.19951923076923078 0.23317307692307693
1 0.9435096153846154 0.17908653846153846 0.10817307692307693 0.2091346153846154
1 0.546875 0.0829326923076923 0.19471153846153846 0.1622596153846154
1 0.375 0.23076923076923078 0.19951923076923078 0.20793269230769232
1 0.27884615384615385 0.23798076923076922 0.1466346153846154 0.22235576923076922
1 0.20552884615384615 0.28846153846153844 0.21875 0.2692307692307692
1 0.08173076923076923 0.3786057692307692 0.1346153846153846 0.23076923076923078
1 0.14543269230769232 0.09615384615384616 0.14903846153846154 0.1875
1 0.09495192307692307 0.7067307692307693 0.18990384615384615 0.1875
1 0.25 0.6983173076923077 0.2980769230769231 0.25841346153846156
1 0.36177884615384615 0.9074519230769231 0.19230769230769232 0.1814903846153846
1 0.5180288461538461 0.6045673076923077 0.19230769230769232 0.18389423076923078
1 0.4423076923076923 0.4170673076923077 0.19230769230769232 0.18389423076923078
0 0.7944711538461539 0.2512019230769231 0.0673076923076923 0.09375
0 0.8581730769230769 0.21995192307692307 0.0673076923076923 0.09375
0 0.7860576923076923 0.09254807692307693 0.0673076923076923 0.09375
1 0.6935096153846154 0.9182692307692307 0.22115384615384615 0.15865384615384615