1 0.7716346153846154 0.18269230769230768 0.1971153846153846 0.2644230769230769
1 0.2860576923076923 0.4170673076923077 0.1658653846153846 0.20793269230769232
1 0.4987980769230769 0.0829326923076923 0.1875 0.1622596153846154
1 0.48677884615384615 0.3894230769230769 0.18990384615384615 0.22115384615384615
1 0.8605769230769231 0.4855769230769231 0.18990384615384615 0.19110576923076922
1 0.6742788461538461 0.5865384615384616 0.1971153846153846 0.15985576923076922
1 0.6947115384615384 0.38221153846153844 0.1778846153846154 0.18990384615384615
1 0.12980769230769232 0.5949519230769231 0.17307692307692307 0.23557692307692307
1 0.9326923076923077 0.26322115384615385 0.12980769230769232 0.23798076923076922
1 0.4266826923076923 0.17908653846153846 0.22115384615384615 0.23798076923076922
1 0.3629807692307692 0.9230769230769231 0.23076923076923078 0.1502403846153846
2 0.375 0.6622596153846154 0.3581730769230769 0.4206730769230769