1 0.7043269230769231 0.8641826923076923 0.28125 0.19591346153846154
1 0.75 0.3245192307692308 0.27884615384615385 0.21634615384615385
1 0.4206730769230769 0.5612980769230769 0.2668269230769231 0.18990384615384615
1 0.203125 0.7043269230769231 0.20432692307692307 0.21634615384615385
1 0.08173076923076923 0.9074519230769231 0.16346153846153846 0.18028846153846154
1 0.3329326923076923 0.78125 0.22355769230769232 0.20793269230769232
1 0.47716346153846156 0.7295673076923077 0.25721153846153844 0.24639423076923078
1 0.640625 0.5276442307692307 0.22355769230769232 0.20793269230769232
1 0.2548076923076923 0.12139423076923077 0.19951923076923078 0.23798076923076922
1 0.7932692307692307 0.5120192307692307 0.2091346153846154 0.21033653846153846
1 0.8004807692307693 0.10576923076923077 0.22355769230769232 0.20673076923076922
1 0.10336538461538461 0.36658653846153844 0.15625 0.27524038461538464
2 0.4483173076923077 0.26322115384615385 0.4951923076923077 0.4519230769230769