2 0.7752403846153846 0.3605769230769231 0.3581730769230769 0.41225961538461536
1 0.4891826923076923 0.296875 0.20192307692307693 0.22716346153846154
1 0.2536057692307692 0.2620192307692308 0.19471153846153846 0.27524038461538464
1 0.35336538461538464 0.6875 0.20192307692307693 0.30408653846153844
1 0.7956730769230769 0.7007211538461539 0.18990384615384615 0.18990384615384615
1 0.5588942307692307 0.14423076923076922 0.18990384615384615 0.18990384615384615
1 0.3713942307692308 0.0889423076923077 0.18990384615384615 0.17307692307692307
1 0.057692307692307696 0.5408653846153846 0.11298076923076923 0.25240384615384615
1 0.22355769230769232 0.7596153846153846 0.17067307692307693 0.2439903846153846
1 0.10817307692307693 0.8004807692307693 0.15865384615384615 0.19951923076923078
1 0.1346153846153846 0.4387019230769231 0.17307692307692307 0.23076923076923078
1 0.6634615384615384 0.8641826923076923 0.19951923076923078 0.22115384615384615
1 0.7824519230769231 0.8185096153846154 0.19951923076923078 0.22115384615384615
1 0.16466346153846154 0.08052884615384616 0.17548076923076922 0.15625
1 0.3701923076923077 0.0829326923076923 0.17307692307692307 0.15865384615384615