1 0.056490384615384616 0.8882211538461539 0.11298076923076923 0.22355769230769232
1 0.2283653846153846 0.7451923076923077 0.22596153846153846 0.22235576923076922
1 0.16947115384615385 0.2091346153846154 0.19951923076923078 0.21033653846153846
1 0.47836538461538464 0.5 0.2091346153846154 0.21634615384615385
1 0.578125 0.7379807692307693 0.2091346153846154 0.21634615384615385
1 0.8822115384615384 0.6177884615384616 0.2091346153846154 0.21875
1 0.8798076923076923 0.41466346153846156 0.21153846153846154 0.21634615384615385
1 0.734375 0.4338942307692308 0.18028846153846154 0.17548076923076922
1 0.8918269230769231 0.06850961538461539 0.18269230769230768 0.13341346153846154
1 0.07451923076923077 0.6790865384615384 0.14903846153846154 0.21875
1 0.234375 0.390625 0.19471153846153846 0.25240384615384615
2 0.42788461538461536 0.15144230769230768 0.2764423076923077 0.2644230769230769