1 0.2932692307692308 0.2644230769230769 0.1971153846153846 0.2620192307692308
1 0.6802884615384616 0.36899038461538464 0.21875 0.2620192307692308
1 0.9026442307692307 0.5144230769230769 0.18990384615384615 0.1875
1 0.9375 0.1141826923076923 0.1201923076923077 0.22355769230769232
1 0.6923076923076923 0.8557692307692307 0.19951923076923078 0.22716346153846154
1 0.7355769230769231 0.6322115384615384 0.19951923076923078 0.22716346153846154
1 0.5 0.09014423076923077 0.18269230769230768 0.17668269230769232
1 0.07451923076923077 0.8882211538461539 0.13701923076923078 0.17307692307692307
1 0.33052884615384615 0.8401442307692307 0.21394230769230768 0.23798076923076922
1 0.4951923076923077 0.890625 0.18509615384615385 0.21514423076923078
1 0.41947115384615385 0.3245192307692308 0.18028846153846154 0.22235576923076922
2 0.4891826923076923 0.5949519230769231 0.37259615384615385 0.4266826923076923