2 0.328125 0.4266826923076923 0.3076923076923077 0.3545673076923077
0 0.1622596153846154 0.578125 0.07451923076923077 0.07692307692307693
0 0.12980769230769232 0.5384615384615384 0.07451923076923077 0.07692307692307693
0 0.4879807692307692 0.9675480769230769 0.06971153846153846 0.06009615384615385
1 0.265625 0.1502403846153846 0.21875 0.2127403846153846
1 0.8209134615384616 0.8798076923076923 0.22115384615384615 0.23557692307692307
1 0.6911057692307693 0.17668269230769232 0.21875 0.28365384615384615
1 0.8233173076923077 0.25841346153846156 0.20673076923076922 0.15384615384615385
1 0.515625 0.6899038461538461 0.19951923076923078 0.1875
1 0.38341346153846156 0.7475961538461539 0.19951923076923078 0.1875
1 0.4543269230769231 0.17668269230769232 0.19951923076923078 0.1875
1 0.5192307692307693 0.2692307692307692 0.2091346153846154 0.21875
1 0.9459134615384616 0.11778846153846154 0.10336538461538461 0.23557692307692307
1 0.8677884615384616 0.4266826923076923 0.2403846153846154 0.21634615384615385
1 0.8665865384615384 0.5769230769230769 0.20673076923076922 0.17908653846153846
1 0.6586538461538461 0.6069711538461539 0.20673076923076922 0.1935096153846154
1 0.24879807692307693 0.6490384615384616 0.22596153846153846 0.19831730769230768
1 0.10096153846153846 0.7776442307692307 0.20192307692307693 0.19951923076923078