1 0.09134615384615384 0.9014423076923077 0.18269230769230768 0.19230769230769232
1 0.38100961538461536 0.4651442307692308 0.20673076923076922 0.23918269230769232
1 0.24158653846153846 0.14302884615384615 0.16105769230769232 0.22716346153846154
1 0.055288461538461536 0.7175480769230769 0.11057692307692307 0.2283653846153846
1 0.39663461538461536 0.14423076923076922 0.20673076923076922 0.23918269230769232
1 0.2860576923076923 0.8990384615384616 0.20192307692307693 0.19831730769230768
1 0.7668269230769231 0.7211538461538461 0.24278846153846154 0.23798076923076922
1 0.43990384615384615 0.8365384615384616 0.21634615384615385 0.21033653846153846
1 0.890625 0.48197115384615385 0.21394230769230768 0.21394230769230768
1 0.2776442307692308 0.53125 0.2091346153846154 0.25
1 0.3233173076923077 0.3425480769230769 0.18509615384615385 0.21514423076923078
2 0.8413461538461539 0.15504807692307693 0.3125 0.31009615384615385
0 0.15144230769230768 0.578125 0.0889423076923077 0.08533653846153846