1 0.5769230769230769 0.6490384615384616 0.25240384615384615 0.22235576923076922
1 0.25 0.6742788461538461 0.25240384615384615 0.22235576923076922
1 0.8461538461538461 0.7788461538461539 0.23076923076923078 0.2668269230769231
1 0.9447115384615384 0.7127403846153846 0.10576923076923077 0.27163461538461536
1 0.8076923076923077 0.4651442307692308 0.23076923076923078 0.2668269230769231
1 0.6670673076923077 0.16466346153846154 0.23076923076923078 0.2668269230769231
1 0.5841346153846154 0.1346153846153846 0.23317307692307693 0.2644230769230769
1 0.4254807692307692 0.5264423076923077 0.22115384615384615 0.22235576923076922
1 0.6754807692307693 0.5120192307692307 0.22115384615384615 0.22235576923076922
1 0.18629807692307693 0.7548076923076923 0.21634615384615385 0.22235576923076922
1 0.7728365384615384 0.9086538461538461 0.2668269230769231 0.17908653846153846
1 0.5336538461538461 0.9254807692307693 0.28365384615384615 0.14423076923076922
1 0.35697115384615385 0.546875 0.19230769230769232 0.21875
1 0.2824519230769231 0.49278846153846156 0.19230769230769232 0.21875
1 0.20673076923076922 0.45072115384615385 0.19230769230769232 0.21875
1 0.08653846153846154 0.4110576923076923 0.17307692307692307 0.22115384615384615
0 0.4338942307692308 0.828125 0.08173076923076923 0.0733173076923077
0 0.1502403846153846 0.328125 0.08173076923076923 0.0733173076923077
2 0.39783653846153844 0.20072115384615385 0.47115384615384615 0.39783653846153844
1 0.1971153846153846 0.24879807692307693 0.1875 0.2608173076923077
1 0.34615384615384615 0.8786057692307693 0.24519230769230768 0.1622596153846154