1 0.3942307692307692 0.4026442307692308 0.18269230769230768 0.21514423076923078
1 0.6165865384615384 0.32572115384615385 0.18269230769230768 0.21514423076923078
1 0.5384615384615384 0.3245192307692308 0.18269230769230768 0.21514423076923078
1 0.4639423076923077 0.14423076923076922 0.1971153846153846 0.20673076923076922
1 0.7247596153846154 0.1971153846153846 0.1971153846153846 0.20673076923076922
1 0.8461538461538461 0.18028846153846154 0.19471153846153846 0.20673076923076922
1 0.28725961538461536 0.08653846153846154 0.18509615384615385 0.16826923076923078
1 0.23557692307692307 0.11057692307692307 0.18269230769230768 0.17067307692307693
1 0.21033653846153846 0.16466346153846154 0.18269230769230768 0.17067307692307693
1 0.15504807692307693 0.20793269230769232 0.18269230769230768 0.17067307692307693
1 0.12740384615384615 0.25 0.18269230769230768 0.17067307692307693
1 0.10336538461538461 0.28125 0.18269230769230768 0.17067307692307693
1 0.24278846153846154 0.4963942307692308 0.18269230769230768 0.17067307692307693
1 0.18629807692307693 0.4795673076923077 0.18269230769230768 0.17067307692307693
1 0.125 0.4519230769230769 0.18269230769230768 0.17067307692307693
1 0.359375 0.7043269230769231 0.18990384615384615 0.21634615384615385
1 0.9302884615384616 0.6646634615384616 0.1346153846153846 0.21875
1 0.8521634615384616 0.7475961538461539 0.18990384615384615 0.21634615384615385
1 0.6923076923076923 0.7007211538461539 0.16105769230769232 0.16826923076923078
1 0.484375 0.8882211538461539 0.16105769230769232 0.16826923076923078
1 0.09615384615384616 0.625 0.16105769230769232 0.17067307692307693
2 0.1935096153846154 0.828125 0.27163461538461536 0.25600961538461536
1 0.5685096153846154 0.5120192307692307 0.18269230769230768 0.21514423076923078
1 0.7391826923076923 0.8076923076923077 0.18269230769230768 0.21514423076923078
0 0.8040865384615384 0.9435096153846154 0.057692307692307696 0.05889423076923077