1 0.5841346153846154 0.25240384615384615 0.16346153846153846 0.21634615384615385
1 0.9086538461538461 0.35216346153846156 0.16105769230769232 0.21634615384615385
1 0.7199519230769231 0.12860576923076922 0.23798076923076922 0.25240384615384615
1 0.6165865384615384 0.47716346153846156 0.17067307692307693 0.24158653846153846
1 0.6574519230769231 0.9194711538461539 0.17548076923076922 0.15625
1 0.7824519230769231 0.7932692307692307 0.22115384615384615 0.23557692307692307
1 0.17908653846153846 0.3870192307692308 0.17548076923076922 0.21033653846153846
1 0.10216346153846154 0.5396634615384616 0.20432692307692307 0.25721153846153844
1 0.3389423076923077 0.5252403846153846 0.1778846153846154 0.2127403846153846
1 0.47836538461538464 0.8930288461538461 0.21875 0.21033653846153846
1 0.3293269230769231 0.21033653846153846 0.19951923076923078 0.2247596153846154
0 0.13221153846153846 0.20673076923076922 0.0673076923076923 0.0829326923076923
2 0.21514423076923078 0.8197115384615384 0.38461538461538464 0.3557692307692308