1 0.6009615384615384 0.2620192307692308 0.22596153846153846 0.23317307692307693
1 0.8798076923076923 0.2776442307692308 0.18990384615384615 0.21514423076923078
1 0.27884615384615385 0.7908653846153846 0.19230769230769232 0.21514423076923078
1 0.3449519230769231 0.7451923076923077 0.19230769230769232 0.21514423076923078
1 0.40865384615384615 0.6370192307692307 0.2091346153846154 0.2692307692307692
1 0.6262019230769231 0.5889423076923077 0.23317307692307693 0.23557692307692307
1 0.8449519230769231 0.9002403846153846 0.19230769230769232 0.19591346153846154
1 0.671875 0.7848557692307693 0.2091346153846154 0.2127403846153846
1 0.4987980769230769 0.9098557692307693 0.1971153846153846 0.17548076923076922
1 0.4543269230769231 0.3557692307692308 0.17307692307692307 0.19110576923076922
1 0.41947115384615385 0.22596153846153846 0.18509615384615385 0.18990384615384615
1 0.40024038461538464 0.12139423076923077 0.18509615384615385 0.18990384615384615
1 0.21033653846153846 0.09735576923076923 0.18509615384615385 0.18990384615384615
1 0.7620192307692307 0.265625 0.19230769230769232 0.23557692307692307
2 0.11177884615384616 0.24759615384615385 0.22355769230769232 0.3894230769230769
0 0.23557692307692307 0.35336538461538464 0.06971153846153846 0.07692307692307693
0 0.6670673076923077 0.9411057692307693 0.06009615384615385 0.09014423076923077