1 0.7295673076923077 0.36899038461538464 0.22115384615384615 0.23317307692307693
1 0.2980769230769231 0.7536057692307693 0.22115384615384615 0.23317307692307693
1 0.3269230769230769 0.2848557692307692 0.22115384615384615 0.23317307692307693
1 0.4338942307692308 0.5072115384615384 0.13942307692307693 0.2439903846153846
1 0.65625 0.6069711538461539 0.23557692307692307 0.23918269230769232
1 0.5673076923076923 0.12860576923076922 0.20432692307692307 0.2247596153846154
1 0.75 0.1622596153846154 0.24278846153846154 0.20432692307692307
1 0.14423076923076922 0.44350961538461536 0.22115384615384615 0.23317307692307693
1 0.25240384615384615 0.10817307692307693 0.19230769230769232 0.2127403846153846
1 0.3076923076923077 0.9230769230769231 0.22115384615384615 0.1502403846153846
1 0.5060096153846154 0.5108173076923077 0.22115384615384615 0.22956730769230768
1 0.8737980769230769 0.171875 0.23317307692307693 0.20192307692307693
2 0.5492788461538461 0.8329326923076923 0.41346153846153844 0.3293269230769231