1 0.6021634615384616 0.8774038461538461 0.23317307692307693 0.24158653846153846
1 0.3557692307692308 0.3161057692307692 0.23317307692307693 0.24158653846153846
1 0.5204326923076923 0.3161057692307692 0.23317307692307693 0.24158653846153846
1 0.7199519230769231 0.18028846153846154 0.2692307692307692 0.2439903846153846
1 0.8653846153846154 0.2776442307692308 0.18990384615384615 0.23557692307692307
1 0.09735576923076923 0.7367788461538461 0.19471153846153846 0.20432692307692307
1 0.4074519230769231 0.9278846153846154 0.18509615384615385 0.13942307692307693
1 0.6742788461538461 0.6286057692307693 0.23317307692307693 0.24158653846153846
1 0.06009615384615385 0.5456730769230769 0.1201923076923077 0.2403846153846154
0 0.2403846153846154 0.08052884615384616 0.13701923076923078 0.12740384615384615
0 0.45552884615384615 0.10697115384615384 0.07932692307692307 0.08533653846153846
0 0.13581730769230768 0.5817307692307693 0.09375 0.11298076923076923
0 0.9170673076923077 0.6971153846153846 0.06009615384615385 0.10216346153846154
2 0.3076923076923077 0.7319711538461539 0.40384615384615385 0.4230769230769231