2 0.5432692307692307 0.4230769230769231 0.21875 0.23317307692307693
0 0.35697115384615385 0.47475961538461536 0.06971153846153846 0.05889423076923077
0 0.4026442307692308 0.5769230769230769 0.06971153846153846 0.05889423076923077
0 0.016826923076923076 0.6129807692307693 0.03365384615384615 0.07211538461538461
1 0.203125 0.34615384615384615 0.27163461538461536 0.2668269230769231
1 0.23798076923076922 0.09495192307692307 0.19951923076923078 0.18509615384615385
1 0.19230769230769232 0.14543269230769232 0.19471153846153846 0.1875
1 0.3798076923076923 0.14783653846153846 0.24278846153846154 0.19110576923076922
1 0.5348557692307693 0.09735576923076923 0.2403846153846154 0.18990384615384615
1 0.6153846153846154 0.6730769230769231 0.22355769230769232 0.20793269230769232
1 0.5889423076923077 0.8942307692307693 0.18990384615384615 0.20793269230769232
1 0.359375 0.8942307692307693 0.18990384615384615 0.20793269230769232
1 0.7019230769230769 0.4723557692307692 0.21394230769230768 0.20673076923076922
1 0.9134615384615384 0.19230769230769232 0.16826923076923078 0.1875
1 0.47716346153846156 0.6694711538461539 0.21634615384615385 0.22235576923076922
1 0.36658653846153844 0.7319711538461539 0.21634615384615385 0.22235576923076922
1 0.21394230769230768 0.7680288461538461 0.2283653846153846 0.21033653846153846
1 0.6358173076923077 0.20072115384615385 0.19951923076923078 0.18990384615384615
1 0.7367788461538461 0.2512019230769231 0.19951923076923078 0.18990384615384615
1 0.9026442307692307 0.04927884615384615 0.18990384615384615 0.09375