1 0.8882211538461539 0.8509615384615384 0.20192307692307693 0.17668269230769232
1 0.6237980769230769 0.7776442307692307 0.22596153846153846 0.20192307692307693
1 0.3701923076923077 0.7139423076923077 0.22355769230769232 0.17307692307692307
1 0.18389423076923078 0.7307692307692307 0.17067307692307693 0.2608173076923077
1 0.8737980769230769 0.5600961538461539 0.24759615384615385 0.2668269230769231
1 0.5637019230769231 0.5697115384615384 0.22596153846153846 0.20192307692307693
1 0.4495192307692308 0.5612980769230769 0.19951923076923078 0.20192307692307693
1 0.4050480769230769 0.23197115384615385 0.22596153846153846 0.20192307692307693
1 0.5348557692307693 0.3581730769230769 0.24759615384615385 0.20793269230769232
1 0.671875 0.4519230769230769 0.24759615384615385 0.20793269230769232
1 0.7860576923076923 0.2692307692307692 0.24759615384615385 0.20793269230769232
1 0.27524038461538464 0.5432692307692307 0.2091346153846154 0.18990384615384615
1 0.1971153846153846 0.5216346153846154 0.2091346153846154 0.18990384615384615
1 0.1935096153846154 0.3317307692307692 0.25240384615384615 0.19831730769230768
1 0.24639423076923078 0.1346153846153846 0.25240384615384615 0.19831730769230768
1 0.5120192307692307 0.8990384615384616 0.31009615384615385 0.19831730769230768
1 0.6334134615384616 0.25721153846153844 0.20192307692307693 0.17668269230769232
1 0.5721153846153846 0.15144230769230768 0.20192307692307693 0.17668269230769232
2 0.12620192307692307 0.10096153846153846 0.25240384615384615 0.20192307692307693