1 0.5096153846153846 0.11298076923076923 0.18028846153846154 0.18990384615384615
1 0.1201923076923077 0.5733173076923077 0.20432692307692307 0.25841346153846156
1 0.19951923076923078 0.8233173076923077 0.15384615384615385 0.23798076923076922
1 0.11057692307692307 0.8641826923076923 0.15144230769230768 0.23798076923076922
1 0.3401442307692308 0.4266826923076923 0.18509615384615385 0.19951923076923078
1 0.6742788461538461 0.38100961538461536 0.18509615384615385 0.19951923076923078
1 0.8918269230769231 0.7596153846153846 0.1778846153846154 0.21514423076923078
1 0.46875 0.5228365384615384 0.16826923076923078 0.19591346153846154
1 0.12860576923076922 0.15985576923076922 0.1658653846153846 0.21514423076923078
2 0.6814903846153846 0.6766826923076923 0.34615384615384615 0.4170673076923077
0 0.9519230769230769 0.31009615384615385 0.055288461538461536 0.07091346153846154
0 0.953125 0.9158653846153846 0.057692307692307696 0.08533653846153846