1 0.109375 0.4735576923076923 0.21875 0.1875
1 0.36538461538461536 0.24879807692307693 0.21153846153846154 0.22235576923076922
1 0.20552884615384615 0.3004807692307692 0.1658653846153846 0.2920673076923077
1 0.6730769230769231 0.3557692307692308 0.23317307692307693 0.21634615384615385
1 0.5588942307692307 0.23076923076923078 0.21634615384615385 0.17307692307692307
1 0.4519230769230769 0.49038461538461536 0.17307692307692307 0.2848557692307692
1 0.5576923076923077 0.5504807692307693 0.21153846153846154 0.22235576923076922
1 0.9086538461538461 0.3557692307692308 0.1778846153846154 0.22596153846153846
1 0.8569711538461539 0.6754807692307693 0.23076923076923078 0.22235576923076922
1 0.5877403846153846 0.07692307692307693 0.23798076923076922 0.1502403846153846
1 0.30528846153846156 0.4795673076923077 0.24519230769230768 0.17908653846153846
1 0.11658653846153846 0.7475961538461539 0.23317307692307693 0.22115384615384615
1 0.7139423076923077 0.4651442307692308 0.17307692307692307 0.17307692307692307
1 0.6971153846153846 0.9302884615384616 0.17307692307692307 0.13581730769230768
1 0.7415865384615384 0.13221153846153846 0.19230769230769232 0.2608173076923077
0 0.7091346153846154 0.8293269230769231 0.0985576923076923 0.0829326923076923
2 0.3918269230769231 0.8052884615384616 0.43509615384615385 0.3858173076923077