2 0.6959134615384616 0.4182692307692308 0.28365384615384615 0.28125
1 0.5408653846153846 0.7043269230769231 0.21634615384615385 0.23317307692307693
1 0.8605769230769231 0.5588942307692307 0.16105769230769232 0.19591346153846154
1 0.8930288461538461 0.734375 0.2091346153846154 0.21875
1 0.5805288461538461 0.17427884615384615 0.17548076923076922 0.21033653846153846
1 0.6947115384615384 0.14903846153846154 0.17548076923076922 0.21033653846153846
1 0.7524038461538461 0.15264423076923078 0.17548076923076922 0.21033653846153846
1 0.859375 0.15264423076923078 0.17548076923076922 0.21033653846153846
1 0.4074519230769231 0.2512019230769231 0.17548076923076922 0.21033653846153846
1 0.24278846153846154 0.2620192307692308 0.17548076923076922 0.21033653846153846
1 0.16105769230769232 0.484375 0.17548076923076922 0.21033653846153846
1 0.2127403846153846 0.8822115384615384 0.19951923076923078 0.22716346153846154
1 0.39302884615384615 0.9002403846153846 0.20192307692307693 0.19591346153846154
1 0.7788461538461539 0.9002403846153846 0.20192307692307693 0.19591346153846154
1 0.7307692307692307 0.7403846153846154 0.20192307692307693 0.19831730769230768
0 0.984375 0.9170673076923077 0.026442307692307692 0.0889423076923077
0 0.09975961538461539 0.35697115384615385 0.0625 0.06490384615384616
1 0.3161057692307692 0.5276442307692307 0.21634615384615385 0.23317307692307693
1 0.125 0.09375 0.15144230769230768 0.18389423076923078