1 0.4230769230769231 0.8870192307692307 0.21634615384615385 0.18990384615384615
1 0.13701923076923078 0.4266826923076923 0.24519230769230768 0.25841346153846156
1 0.27163461538461536 0.17668269230769232 0.18509615384615385 0.23798076923076922
1 0.18990384615384615 0.13581730769230768 0.18269230769230768 0.23798076923076922
1 0.3233173076923077 0.5733173076923077 0.22115384615384615 0.19951923076923078
1 0.6478365384615384 0.6189903846153846 0.22115384615384615 0.19951923076923078
1 0.9194711538461539 0.2403846153846154 0.15625 0.21634615384615385
1 0.4735576923076923 0.47716346153846156 0.20192307692307693 0.19591346153846154
1 0.078125 0.8401442307692307 0.15625 0.21875
2 0.7199519230769231 0.3233173076923077 0.41586538461538464 0.4170673076923077
0 0.9110576923076923 0.6899038461538461 0.0673076923076923 0.07091346153846154