1 0.15384615384615385 0.17548076923076922 0.18028846153846154 0.24639423076923078
1 0.078125 0.32091346153846156 0.12980769230769232 0.19951923076923078
1 0.12379807692307693 0.5036057692307693 0.1971153846153846 0.23798076923076922
1 0.7223557692307693 0.46634615384615385 0.17067307692307693 0.21634615384615385
1 0.4639423076923077 0.15384615384615385 0.14182692307692307 0.22115384615384615
1 0.39903846153846156 0.15264423076923078 0.17067307692307693 0.21634615384615385
1 0.7644230769230769 0.8245192307692307 0.1971153846153846 0.25240384615384615
1 0.15144230769230768 0.9182692307692307 0.19471153846153846 0.15865384615384615
1 0.8389423076923077 0.12860576923076922 0.17067307692307693 0.21634615384615385
1 0.734375 0.19951923076923078 0.15625 0.16826923076923078
1 0.3918269230769231 0.375 0.1658653846153846 0.20793269230769232
2 0.5456730769230769 0.6622596153846154 0.33413461538461536 0.4254807692307692
0 0.13581730769230768 0.7007211538461539 0.055288461538461536 0.08533653846153846