2 0.3016826923076923 0.17427884615384615 0.3557692307692308 0.34375
1 0.5793269230769231 0.3088942307692308 0.2764423076923077 0.20192307692307693
1 0.47115384615384615 0.0673076923076923 0.21634615384615385 0.1310096153846154
1 0.039663461538461536 0.26802884615384615 0.07932692307692307 0.2283653846153846
1 0.6274038461538461 0.15745192307692307 0.1971153846153846 0.20673076923076922
1 0.8088942307692307 0.4855769230769231 0.1778846153846154 0.18389423076923078
1 0.43509615384615385 0.42908653846153844 0.1778846153846154 0.18389423076923078
1 0.34375 0.43149038461538464 0.1778846153846154 0.18389423076923078
1 0.2644230769230769 0.40865384615384615 0.1778846153846154 0.18389423076923078
1 0.22115384615384615 0.3641826923076923 0.1778846153846154 0.18389423076923078
1 0.12740384615384615 0.31850961538461536 0.1778846153846154 0.18389423076923078
1 0.12980769230769232 0.6670673076923077 0.1778846153846154 0.18389423076923078
1 0.06009615384615385 0.4879807692307692 0.1201923076923077 0.22596153846153846
1 0.6009615384615384 0.9411057692307693 0.1778846153846154 0.1141826923076923
1 0.4543269230769231 0.5889423076923077 0.22355769230769232 0.17668269230769232
1 0.7139423076923077 0.8004807692307693 0.17548076923076922 0.1622596153846154
1 0.9302884615384616 0.5757211538461539 0.1346153846153846 0.2668269230769231
1 0.8846153846153846 0.8028846153846154 0.22596153846153846 0.25961538461538464
1 0.8100961538461539 0.22235576923076922 0.22596153846153846 0.25600961538461536
1 0.7860576923076923 0.09014423076923077 0.18509615384615385 0.17668269230769232
1 0.5456730769230769 0.4855769230769231 0.1778846153846154 0.18389423076923078
1 0.5889423076923077 0.6310096153846154 0.1778846153846154 0.18389423076923078