1 0.546875 0.43028846153846156 0.1778846153846154 0.21514423076923078
1 0.17427884615384615 0.8125 0.15625 0.19591346153846154
1 0.09254807692307693 0.5060096153846154 0.17067307692307693 0.2127403846153846
1 0.8653846153846154 0.7055288461538461 0.17067307692307693 0.22235576923076922
1 0.34134615384615385 0.4014423076923077 0.17067307692307693 0.22235576923076922
1 0.8317307692307693 0.4807692307692308 0.17067307692307693 0.22235576923076922
1 0.43149038461538464 0.9098557692307693 0.1778846153846154 0.17668269230769232
1 0.6959134615384616 0.3401442307692308 0.1778846153846154 0.17908653846153846
1 0.4495192307692308 0.09735576923076923 0.1875 0.19110576923076922
1 0.6382211538461539 0.07211538461538461 0.22596153846153846 0.13942307692307693
1 0.8497596153846154 0.12139423076923077 0.18269230769230768 0.23798076923076922
2 0.6442307692307693 0.7211538461538461 0.3701923076923077 0.4170673076923077
2 0.3894230769230769 0.6370192307692307 0.2620192307692308 0.3004807692307692
0 0.05889423076923077 0.16466346153846154 0.055288461538461536 0.06610576923076923