1 0.19110576923076922 0.6959134615384616 0.22115384615384615 0.19951923076923078
1 0.2127403846153846 0.5180288461538461 0.20673076923076922 0.19831730769230768
1 0.06971153846153846 0.09134615384615384 0.13942307692307693 0.1778846153846154
1 0.23677884615384615 0.1141826923076923 0.22115384615384615 0.21634615384615385
1 0.47596153846153844 0.09014423076923077 0.2620192307692308 0.17548076923076922
1 0.49158653846153844 0.3112980769230769 0.2091346153846154 0.21875
1 0.6754807692307693 0.3762019230769231 0.2091346153846154 0.21875
1 0.8677884615384616 0.640625 0.23798076923076922 0.17307692307692307
1 0.46634615384615385 0.8882211538461539 0.2403846153846154 0.21875
1 0.8064903846153846 0.27524038461538464 0.23798076923076922 0.22115384615384615
1 0.7115384615384616 0.17067307692307693 0.23798076923076922 0.22115384615384615
1 0.890625 0.4807692307692308 0.21394230769230768 0.1778846153846154
1 0.3942307692307692 0.5348557692307693 0.2091346153846154 0.22115384615384615
1 0.24519230769230768 0.34975961538461536 0.23317307692307693 0.24639423076923078
2 0.6213942307692307 0.7692307692307693 0.4807692307692308 0.4579326923076923