1 0.04326923076923077 0.8197115384615384 0.08653846153846154 0.20192307692307693
1 0.12620192307692307 0.6742788461538461 0.18028846153846154 0.21875
1 0.27283653846153844 0.5612980769230769 0.18028846153846154 0.21875
1 0.27163461538461536 0.8737980769230769 0.18028846153846154 0.21875
1 0.39663461538461536 0.7151442307692307 0.1658653846153846 0.19831730769230768
1 0.48197115384615385 0.8810096153846154 0.15865384615384615 0.22956730769230768
1 0.7620192307692307 0.6334134615384616 0.19471153846153846 0.2247596153846154
1 0.7391826923076923 0.3918269230769231 0.18990384615384615 0.22956730769230768
1 0.21514423076923078 0.21634615384615385 0.1778846153846154 0.22956730769230768
1 0.7848557692307693 0.14182692307692307 0.1778846153846154 0.22956730769230768
1 0.5733173076923077 0.6502403846153846 0.19471153846153846 0.2247596153846154
1 0.7007211538461539 0.9014423076923077 0.17548076923076922 0.1935096153846154
1 0.9098557692307693 0.8016826923076923 0.13701923076923078 0.22956730769230768
2 0.44471153846153844 0.30649038461538464 0.3918269230769231 0.46634615384615385
0 0.8822115384615384 0.3942307692307692 0.1346153846153846 0.14543269230769232
0 0.8846153846153846 0.039663461538461536 0.07932692307692307 0.07451923076923077